0.0380 368.9375
0.3670 275.7188
0.7000 344.9063
1.0320 568.3125
1.3640 246.5000
1.6970 487.5000
2.0300 509.0313
2.3630 208.5937
2.6960 536.8750
3.0270 92.4063
3.3590 443.9688
3.6920 609.6563
4.0240 414.7500
4.3580 1023.9688
4.6920 1023.9688
5.0270 481.7813
5.3610 402.7188
5.6960 1023.9688
6.0300 401.3750
6.3640 -133.0937
6.6940 0.6250
7.0190 0.6563
7.3430 0.6250
7.6670 0.6563
7.9920 0.6250
8.3150 0.5938
8.6400 0.6563
8.9650 0.6250
9.2880 0.6563
9.6130 0.6563
9.9370 0.6563
10.2640 0.6563
10.5920 0.6563
10.9190 0.6563
11.2460 0.6875
11.5740 0.6875
11.9000 0.6875
12.2270 0.6563
12.5550 0.6563
12.8820 0.7188
13.2090 0.6875
13.5370 0.6875
13.8640 0.6563
14.1910 0.6875
14.5190 0.6563
14.8450 0.6875
15.1730 0.6563
15.5000 0.6563
15.8270 0.6250
16.1540 0.6875
16.4820 0.6250
16.8090 0.7188
17.1360 0.6875
17.4640 0.6875
17.7920 0.6875
18.1180 0.6563
18.4460 0.6875
18.7720 0.6563
19.1000 0.6563
19.4270 0.6875
19.7550 0.6563
20.0820 0.6563
20.4090 0.6563
20.7370 0.6250
21.0650 311.5000
21.4010 336.7813
21.7370 -137.5625
22.0730 -706.9688
22.4090 -805.5000
22.7460 110.3750
23.0810 521.0000
23.4170 239.3750
23.7530 -1024.0000
24.0900 -1024.0000
24.4280 -1024.0000
24.7650 -560.4688
25.1020 -1024.0000
25.4390 -1024.0000
25.7770 -1024.0000
26.1140 -1024.0000
26.4490 -960.0938
26.7860 1023.9688
27.1240 1023.9688
27.4610 1023.9688
27.8000 1023.9688
28.1370 97.6250
28.4750 -538.8750
28.8130 -597.4688
29.1500 153.4375
29.4870 1023.9688
29.8250 1023.9688
30.1610 1023.9688
30.4990 1023.9688
30.8370 206.9062
31.1740 -173.3125
31.5120 -240.7500
31.8490 1023.9688
32.1870 1023.9688
32.5240 464.0313
32.8610 784.5000
33.1980 953.8438
33.5370 367.0000
33.8730 77.1250
34.2110 677.8125
34.5490 -1024.0000
34.8870 354.1875
35.2240 1023.9688
35.5620 1023.9688
35.9000 -137.5000
36.2380 -1024.0000
36.5760 -1024.0000
36.9140 -1024.0000
37.2510 238.7812
37.5850 241.5937
37.9210 240.2812
38.2570 -1024.0000
38.5930 -1024.0000
38.9300 239.5625
39.2660 240.5937
39.6020 239.1875
39.9370 237.9062
40.2710 239.3125
40.6070 240.3125
40.9420 238.7812
41.2770 237.7812
41.6130 238.7812
41.9480 239.5312
42.2830 238.3125
42.6180 237.3750
42.9530 238.3750
43.2880 239.0937
43.6240 237.9062
43.9590 236.8750
44.2940 238.0312
44.6300 238.6250
44.9640 237.4375
45.2990 236.4687
45.6350 237.4687
45.9700 238.1250
46.3050 237.0312
46.6400 236.0312
46.9760 237.0312
47.3100 237.6250
47.6450 236.5937
47.9810 235.6250
48.3160 236.5625
48.6510 237.1562
48.9870 236.2812
49.3210 235.2812
49.6560 236.1875
49.9920 236.8437
50.3270 235.9062
50.6620 234.9687
50.9980 235.7812
51.3330 236.4062
51.6670 235.6562
52.0030 234.6562
52.3380 235.4062
52.6730 236.1250
53.0090 235.3750
53.3440 234.4375
53.6790 235.0625
54.0140 235.8125
54.3490 235.2187
54.6840 234.2500
55.0200 233.8437
55.3550 235.5625
55.6910 236.0000
56.0260 234.1562
56.3600 233.4687
56.6960 235.2500
57.0310 235.9062
57.3660 234.3125
57.7020 233.0937
58.0370 234.7500
58.3720 235.7187
58.7070 234.1562
59.0420 232.8750
59.3780 234.4687
59.7130 235.3125
60.0480 233.9687
60.3840 232.6250
60.7190 234.2500
61.0530 235.3437
61.3890 233.8125
61.7240 232.8125
62.0590 233.9687
62.3950 234.7812
62.7300 233.6562
63.0650 232.6562
63.4000 233.4375
63.7350 234.5312
64.0700 234.0000
64.4060 232.5937
64.7410 233.0312
65.0760 234.4062
65.4120 234.1875
65.7460 232.4375
66.0820 232.5937
66.4170 233.9375
66.7530 234.2500
67.0880 232.6875
67.4240 231.6562
67.7590 233.7187
68.0940 234.6875
68.4290 232.8125
68.7650 231.9062
69.1000 233.3437
69.4360 234.1875
69.7720 232.9375
70.1070 231.7500
70.4430 233.0000
70.7770 233.7187
71.1130 233.6875
71.4480 232.1250
71.7840 231.8437
72.1190 233.1250
72.4550 233.9062
72.7900 231.7500
73.1250 230.9062
73.4610 232.4062
73.7960 233.0937
74.1320 231.5937
74.4670 230.8125
74.8030 231.7812
75.1380 232.7500
75.4730 231.5000
75.8090 230.7812
76.1440 230.8750
76.4800 231.9375
76.8150 231.9687
77.1510 230.0937
77.4860 229.0312
77.8210 229.7500
78.1560 229.4375
78.4920 229.0937
78.8280 228.7500
79.1630 228.9375
79.4990 229.0937
79.8340 228.5937
80.1690 228.3437
80.5040 227.7500
80.8400 225.1875
81.1750 223.4375
81.5110 223.2187
81.8460 227.4687
82.1820 232.5625
82.5160 235.5937
82.8520 238.3125
83.1870 241.6875
83.5230 246.3125
83.8590 249.3125
84.1940 250.7500
84.5300 252.6250
84.8650 256.9063
85.2000 260.1563
85.5360 260.9688
85.8720 262.3125
86.2080 265.3438
86.5440 267.5938
86.8810 270.1563
87.2170 270.2188
87.5530 270.7813
87.8880 273.5000
88.2240 275.6250
88.5600 276.8750
88.8960 276.6563
89.2320 276.9063
89.5680 279.5000
89.9040 281.6563
90.2400 281.3125
90.5760 281.3750
90.9110 282.2500
91.2480 284.5625
91.5840 286.1563
91.9200 285.4063
92.2560 285.4375
92.5920 287.2188
92.9280 288.7188
93.2630 290.0000
93.5990 289.2500
93.9350 289.0000
94.2710 291.0000
94.6080 292.4375
94.9440 293.1875
95.2800 292.3750
95.6160 292.1250
95.9510 294.4688
96.2870 296.2188
96.6230 295.5313
96.9590 295.1563
97.2950 295.8125
97.6320 297.9375
97.9680 299.0313
98.3040 298.0938
98.6390 297.9375
98.9750 299.5313
99.3110 300.8438
99.6470 301.8125
99.9840 300.7813
100.3240 301.2500
100.6650 301.8750
101.0060 302.6250
101.3470 303.0938
101.6880 304.5625
102.0290 305.3438
102.3700 305.7813
102.7110 306.1563
103.0510 306.7188
103.3920 306.9375
103.7330 307.1250
104.0740 307.6875
104.4150 307.9375
104.7560 307.9063
105.0970 308.4688
105.4380 308.5313
105.7790 308.8438
106.1190 309.3438
106.4610 308.9063
106.8020 309.0938
107.1420 309.5000
107.4830 309.0938
107.8240 309.4688
108.1650 310.0000
108.5060 310.5938
108.8470 310.9375
109.1880 311.4375
109.5290 311.9063
109.8700 312.3125
110.2110 313.0000
110.5520 313.2500
110.8930 313.8750
111.2340 314.2813
111.5750 315.4375
111.9160 316.0000
112.2570 316.5938
112.5980 316.7500
112.9390 317.1250
113.2800 317.0000
113.6200 317.1563
113.9610 317.2813
114.3020 317.4063
114.6430 317.5000
114.9840 317.7188
115.3250 317.8125
115.6660 317.6563
116.0070 318.0313
116.3480 317.0938
116.6890 317.1250
117.0290 317.4688
117.3710 317.7813
117.7120 318.0000
118.0520 318.4688
118.3930 318.7813
118.7340 318.9688
119.0750 319.4688
119.4160 319.9063
119.7570 320.0938
120.0980 320.7188
120.4390 320.8438
120.7800 321.0938
121.1210 322.4063
121.4620 322.6875
121.8030 323.0313
122.1430 323.3125
122.4840 323.2813
122.8250 323.1875
123.1660 323.4375
123.5070 323.5000
123.8480 323.2813
124.1890 323.4688
124.5300 323.5313
124.8710 323.4688
125.2110 323.6250
125.5530 322.8438
125.8940 322.9063
126.2340 322.9375
126.5750 322.9375
126.9160 323.2500
127.2570 323.4375
127.5980 323.7500
127.9390 324.0313
128.2800 324.2188
128.6210 324.6563
128.9610 325.0000
129.3020 325.0938
129.6430 325.4063
129.9840 325.8438
130.3250 326.0313
130.6660 327.1250
131.0070 327.5625
131.3480 327.3750
131.6890 327.4375
132.0300 327.6563
132.3710 327.4375
132.7120 327.4375
133.0530 327.4063
133.3940 327.3438
133.7350 327.3750
134.0750 327.4688
134.4160 327.2813
134.7570 327.1875
135.0980 326.5938
135.4390 326.4375
135.7800 326.6875
136.1210 327.0313
136.4620 327.1875
136.8030 327.3125
137.1440 327.6563
137.4850 328.0000
137.8260 328.1250
138.1670 328.6250
138.5080 328.6250
138.8490 328.8438
139.1900 330.0000
139.5310 330.1563
139.8720 330.5313
140.2130 330.6250
140.5540 330.5625
140.8950 330.4375
141.2360 330.5938
141.5770 330.2500
141.9180 330.3125
142.2590 330.1875
142.6000 330.1250
142.9410 330.2188
143.2820 329.8750
143.6230 329.6250
143.9640 329.0625
144.3050 329.0938
144.6460 329.3438
144.9870 329.6563
145.3280 329.6875
145.6690 329.9063
146.0090 330.2500
146.3500 330.5625
146.6910 330.5625
147.0320 330.9063
147.3730 331.1875
147.7140 331.3438
148.0550 332.5938
148.3960 332.6250
148.7370 332.5313
149.0780 332.7500
149.4190 332.4688
149.7600 332.4063
150.1000 332.6250
150.4410 332.2500
150.7820 332.1563
151.1230 332.2500
151.4640 332.1250
151.8050 332.0000
152.1460 331.3750
152.4870 331.1250
152.8280 330.8438
153.1690 331.2188
153.5100 331.2500
153.8510 331.4688
154.1920 331.7500
154.5330 332.0313
154.8740 332.0625
155.2140 332.4063
155.5560 332.5625
155.8960 332.5938
156.2370 332.9063
156.5780 333.8438
156.9190 333.9688
157.2600 334.3750
157.6010 334.2813
157.9420 334.0313
158.2830 334.1563
158.6240 334.0938
158.9650 333.7500
159.3060 333.9375
159.6470 333.6563
159.9880 333.6250
160.3290 333.7813
160.6700 333.0625
161.0110 332.8750
161.3520 332.8750
161.6930 332.4688
162.0330 332.5938
162.3740 332.8125
162.7150 333.0000
163.0560 333.1250
163.3970 333.2813
163.7380 333.5938
164.0790 333.7500
164.4190 333.9063
164.7600 334.1250
165.1010 334.2500
165.4420 334.3750
165.7830 335.2500
166.1240 335.5938
166.4650 336.0313
166.8060 335.9688
167.1470 336.0313
167.4880 335.7500
167.8290 335.7188
168.1690 335.8438
168.5100 335.5000
168.8510 335.4375
169.1920 335.5625
169.5330 335.5000
169.8740 335.2500
170.2140 335.3750
170.5550 335.2813
170.8960 334.2813
171.2370 334.3125
171.5780 334.0938
171.9190 334.1875
172.2600 334.5000
172.6010 334.6563
172.9420 334.7188
173.2820 335.0000
173.6240 335.2813
173.9640 335.3125
174.3050 335.5938
174.6460 335.7188
174.9870 335.8750
175.3280 337.1563
175.6690 337.2188
176.0100 337.3750
176.3510 337.4375
176.6920 337.2813
177.0330 337.0625
177.3740 337.2188
177.7150 336.7500
178.0560 336.7188
178.3970 336.8750
178.7380 336.5313
179.0790 336.3750
179.4200 335.5625
179.7610 335.3438
180.1020 335.2500
180.4430 335.7500
180.7840 335.6875
181.1240 335.7813
181.4650 336.2500
181.8060 336.2500
182.1470 336.3438
182.4880 336.8438
182.8290 336.7813
183.1690 336.9063
183.5100 338.0938
183.8510 338.2500
184.1920 338.4375
184.5320 338.5313
184.8730 338.4063
185.2140 338.3125
185.5550 338.2500
185.8960 338.0625
186.2370 337.7500
186.5780 337.8750
186.9190 337.7500
187.2600 337.2813
187.6010 337.1250
187.9420 336.3125
188.2830 336.3750
188.6240 336.5625
188.9640 336.7813
189.3050 336.8750
189.6460 337.3438
189.9870 337.3750
190.3280 337.4688
190.6690 337.9063
191.0100 337.8750
191.3510 338.0625
191.6920 339.2813
192.0330 339.3750
192.3740 339.3125
192.7150 339.3750
193.0560 339.2500
193.3970 339.0313
193.7380 339.0938
194.0790 338.6563
194.4200 338.6875
194.7610 338.5313
195.1020 338.2813
195.4430 338.1250
195.7840 337.3750
196.1240 337.1875
196.4660 337.5625
196.8070 337.7188
197.1470 337.6563
197.4880 338.0313
197.8290 338.2188
198.1700 338.1875
198.5110 338.5625
198.8520 338.6875
199.1930 339.2188
199.5340 339.5938
199.8750 339.8750
200.2160 340.3438
200.5570 340.4063
200.8980 340.1250
201.2380 340.0313
201.5790 340.1250
201.9200 339.8125
202.2610 339.6875
202.6020 339.7500
202.9430 339.5625
203.2840 339.4063
203.6250 339.5313
203.9660 338.6563
204.3070 338.3750
204.6480 338.2813
204.9890 338.3750
205.3300 338.3438
205.6710 338.7500
206.0120 338.8125
206.3520 339.0938
206.6930 339.3438
207.0340 339.3750
207.3750 339.5313
207.7160 339.8438
208.0570 340.0313
208.3980 340.9375
208.7390 341.2500
209.0790 341.2500
209.4200 340.9063
209.7610 341.0313
210.1020 341.0000
210.4430 340.6250
210.7840 340.6875
211.1250 340.6250
211.4660 340.2813
211.8070 340.3750
212.1480 339.7500
212.4890 339.4063
212.8300 338.9688
213.1710 338.9375
213.5120 338.9688
213.8530 339.4375
214.1930 339.4375
214.5340 339.4375
214.8750 339.9375
215.2160 340.0000
215.5570 340.0000
215.8980 340.4375
216.2390 340.5625
216.5800 341.4688
216.9210 341.8750
217.2620 341.7188
217.6030 341.5938
217.9440 341.6875
218.2850 341.4063
218.6260 341.2188
218.9670 341.0938
219.3080 340.9688
219.6490 340.8750
219.9900 340.7188
220.3290 340.3750
220.6720 339.4063
221.0120 339.5625
221.3520 339.4375
221.6930 339.6250
222.0340 339.8750
222.3750 339.8750
222.7160 340.0938
223.0570 340.3750
223.3980 340.5625
223.7390 340.5000
224.0800 340.7813
224.4210 341.3438
224.7620 341.5313
225.1030 342.4063
225.4440 342.2813
225.7850 342.1563
226.1260 342.1250
226.4670 341.9688
226.8080 341.5938
227.1480 341.7500
227.4900 341.5313
227.8310 341.2500
228.1710 341.4063
228.5120 340.7813
228.8530 340.4375
229.1940 340.4375
229.5350 339.7813
229.8760 339.7188
230.2170 340.2188
230.5580 340.1563
230.8990 340.1563
231.2400 340.6250
231.5810 340.6250
231.9220 340.7813
232.2630 341.0313
232.6040 341.0313
232.9450 341.5625
233.2860 342.0313
233.6270 342.5938
233.9680 342.5313
234.3090 342.4375
234.6500 342.2813
234.9910 342.1875
235.3320 342.0938
235.6730 341.9063
236.0130 341.7188
236.3540 341.7188
236.6950 341.5625
237.0360 341.0000
237.3770 340.9688
237.7180 340.0625
238.0590 339.9688
238.4000 340.2188
238.7410 340.3750
239.0820 340.3125
239.4230 340.8125
239.7640 340.7500
240.1050 340.7500
240.4460 341.2188
240.7870 341.1563
241.1280 341.1250
241.4690 341.9375
241.8100 342.0313
242.1500 342.1250
242.4910 342.9688
242.8320 342.8438
243.1730 342.4688
243.5140 342.6250
243.8550 342.4688
244.1960 342.1250
244.5370 342.2500
244.8780 342.0938
245.2190 341.7500
245.5600 341.9063
245.9010 341.4063
246.2420 341.1875
246.5830 340.4688
246.9240 340.2813
247.2640 340.1875
247.6060 340.5938
247.9460 340.5625
248.2870 340.5000
248.6280 340.9375
248.9690 340.8750
249.3100 341.1250
249.6510 341.3438
249.9920 341.3125
250.3330 341.5625
250.6740 341.9375
251.0150 342.0625
251.3560 342.8125
251.6970 343.0938
252.0370 343.0000
252.3780 342.6250
252.7190 342.7813
253.0600 342.6563
253.4010 342.2813
253.7420 342.3438
254.0830 342.0313
254.4240 341.9063
254.7650 342.0313
255.1050 341.4375
255.4470 341.0938
255.7870 340.5000
256.1280 340.3750
256.4700 340.5625
256.8110 341.0000
257.1530 340.9063
257.4940 341.1875
257.8350 341.6250
258.1770 342.2500
258.5180 342.4375
258.8590 343.1875
259.2010 342.8125
259.5420 342.6563
259.8830 342.6250
260.2250 342.1563
260.5660 341.8750
260.9070 341.9688
261.2490 340.9688
261.5900 340.3125
261.9310 340.5938
262.2720 340.7500
262.6140 340.9063
262.9550 341.4688
263.2970 341.4063
263.6380 341.5313
263.9790 342.7500
264.3210 343.1250
264.6620 342.7500
265.0040 342.7500
265.3450 342.5000
265.6870 342.0938
266.0280 342.0938
266.3690 341.1875
266.7110 340.8438
267.0520 340.5938
267.3930 340.7500
267.7350 340.7188
268.0760 341.2188
268.4170 341.4063
268.7590 341.5938
269.1000 341.9063
269.4410 342.6875
269.7830 342.7813
270.1240 342.5313
270.4650 342.1250
270.8070 340.5938
271.1480 338.9063
271.4900 337.2188
271.8310 336.1875
272.1720 335.7813
272.5140 335.5000
272.8550 335.4375
273.1960 335.5000
273.5380 334.6875
273.8790 333.6250
274.2200 333.9375
274.5620 334.0000
274.9030 329.9688
275.2450 322.2813
275.5860 312.7500
275.9270 303.4688
276.2690 295.1875
276.6100 288.3125
276.9520 282.2500
277.2930 276.3438
277.6340 271.8438
277.9760 268.2813
278.3170 265.1875
278.6590 262.5938
279.0000 260.5313
279.3410 258.4688
279.6830 256.6563
280.0240 256.0938
280.3650 254.6562
280.7060 253.1875
281.0470 252.0312
281.3880 250.5937
281.7290 249.5625
282.0700 248.5312
282.4110 247.5937
282.7520 246.9375
283.0920 246.2500
283.4330 245.5312
283.7740 243.9687
284.1150 243.4375
284.4560 243.0312
284.7970 242.6875
285.1380 242.4062
285.4790 242.2500
285.8200 241.7812
286.1610 241.9375
286.5020 241.5000
286.8430 241.3437
287.1840 241.2187
287.5250 241.0625
287.8660 241.6875
288.2060 241.5312
288.5480 240.8125
288.8890 240.3750
289.2290 240.0625
289.5700 239.4375
289.9110 239.0000
290.2520 238.4687
290.5930 238.1875
290.9340 237.8437
291.2750 237.0312
291.6160 236.5312
291.9570 235.5625
292.2980 235.3750
292.6390 235.6562
292.9800 235.4375
293.3210 235.5625
293.6620 235.5312
294.0030 235.3750
294.3440 235.5000
294.6850 235.4062
295.0260 235.2187
295.3670 235.8437
295.7080 236.0000
296.0490 236.4062
296.3900 236.1875
296.7310 235.6250
297.0720 235.3437
297.4130 234.9062
297.7540 234.7812
298.0950 234.4375
298.4360 234.0312
298.7770 233.7187
299.1180 233.3437
299.4590 233.0000
299.8000 232.0000
300.1410 231.6250
300.4820 231.7500
300.8230 231.8437
301.1640 231.8750
301.5050 231.7812
301.8470 232.1562
302.1870 232.0000
302.5280 231.9062
302.8690 232.2187
303.2100 232.0000
303.5510 232.5000
303.8920 232.7500
304.2330 232.7500
304.5740 233.2187
304.9150 232.9062
305.2560 232.6562
305.5970 232.4375
305.9380 232.2812
306.2790 232.0312
306.6210 231.5000
306.9620 231.5937
307.3030 231.1875
307.6440 231.0000
307.9850 230.4687
308.3260 230.0312
308.6670 229.1250
309.0080 229.2500
309.3480 229.0312
309.6890 229.3125
310.0310 229.5312
310.3710 229.5312
310.7130 229.4687
311.0540 230.0312
311.3950 229.8125
311.7360 229.9375
312.0770 230.1250
312.4180 229.9375
312.7590 230.9062
313.1000 231.2500
313.4410 231.3437
313.7820 231.1875
314.1230 230.9062
314.4640 230.6250
314.8050 230.1875
315.1460 230.2812
315.4870 229.7187
315.8280 229.5625
316.1680 229.6562
316.5100 229.0937
316.8510 228.8125
317.1910 228.7187
317.5330 227.5312
317.8740 227.3125
318.2140 227.7812
318.5550 227.6562
318.8970 227.8125
319.2370 228.0000
319.5780 228.2187
319.9190 228.1562
320.2600 228.2812
320.6020 228.3750
320.9430 228.3437
321.2830 229.6875
321.6240 229.6875
321.9650 229.5937
322.3060 229.6250
322.6470 229.3437
322.9880 228.8750
323.3290 228.8750
323.6700 228.7500
324.0110 228.1875
324.3520 228.1875
324.6920 227.8750
325.0330 227.6562
325.3740 227.5625
325.7150 226.4062
326.0560 226.0937
326.3970 226.1875
326.7380 226.2812
327.0780 226.2500
327.4190 226.5312
327.7600 226.6562
328.1010 226.5937
328.4420 227.0625
328.7830 227.0937
329.1240 227.2187
329.4650 227.3437
329.8060 227.6250
330.1470 228.5937
330.4880 228.7500
330.8290 228.6562
331.1700 228.3750
331.5110 228.0937
331.8520 228.0625
332.1930 227.8437
332.5340 227.4375
332.8750 227.4687
333.2160 227.1250
333.5570 226.9687
333.8980 226.2187
334.2390 225.8750
334.5800 225.2812
334.9210 225.4375
335.2620 225.3125
335.6030 225.7187
335.9440 225.8750
336.2850 225.9687
336.6260 226.0000
336.9660 226.2812
337.3070 226.3750
337.6480 226.3437
337.9890 226.9375
338.3300 226.9062
338.6710 227.0312
339.0120 228.2187
339.3530 228.0625
339.6940 227.6875
340.0350 227.8125
340.3760 227.3437
340.7170 227.2187
341.0580 227.0000
341.4000 226.7812
341.7410 226.5000
342.0820 226.6562
342.4230 225.9062
342.7640 225.6250
343.1050 225.5312
343.4460 224.6562
343.7870 224.6250
344.1270 225.1875
344.4690 225.1250
344.8100 225.3750
345.1510 225.5625
345.4920 225.8750
345.8330 225.8437
346.1730 226.0000
346.5140 226.1250
346.8550 226.2187
347.1960 227.5000
347.5380 227.5937
347.8790 227.8125
348.2200 227.8125
348.5610 227.3437
348.9020 227.1875
349.2430 227.2187
349.5840 226.8437
349.9250 226.7187
350.2650 226.4375
350.6070 226.4687
350.9480 226.0000
351.2880 225.8437
351.6290 225.6562
351.9710 224.5937
352.3120 224.5312
352.6530 225.0000
352.9940 225.0000
353.3350 225.2187
353.6760 225.3437
354.0170 225.3437
354.3580 225.7187
354.6990 226.0312
355.0400 226.0000
355.3810 226.9062
355.7220 227.2500
356.0630 227.3125
356.4040 227.5000
356.7450 227.5625
357.0860 227.0937
357.4270 226.9687
357.7680 226.7500
358.1090 226.5937
358.4500 226.2500
358.7910 226.3437
359.1320 226.1875
359.4730 225.6562
359.8140 225.6875
360.1540 225.2500
360.4960 224.3750
360.8370 224.5937
361.1780 224.8437
361.5180 224.8437
361.8590 225.3437
362.2000 225.2812
362.5420 225.5625
362.8830 225.8437
363.2230 225.7187
363.5640 225.9375
363.9050 226.3437
364.2460 226.3750
364.5870 227.3750
364.9280 227.7187
365.2680 227.3437
365.6090 227.2187
365.9500 227.0937
366.2910 226.9062
366.6320 226.7187
366.9730 226.4687
367.3140 226.3750
367.6550 226.0625
367.9960 226.1562
368.3370 225.0625
368.6780 224.7500
369.0190 224.7187
369.3600 224.4687
369.7010 224.5312
370.0420 224.6875
370.3830 225.0000
370.7240 224.9687
371.0650 225.4375
371.4060 225.5937
371.7470 225.6875
372.0880 225.7812
372.4290 226.5000
372.7700 226.6875
373.1110 227.6250
373.4520 227.7500
373.7930 227.2500
374.1340 227.1562
374.4750 227.0000
374.8160 226.8125
375.1570 226.7187
375.4980 226.4375
375.8390 226.2500
376.1800 226.0000
376.5210 226.0937
376.8620 225.8750
377.2030 224.8750
377.5440 224.8437
377.8850 224.4375
378.2250 224.5000
378.5660 224.7812
378.9070 224.9375
379.2480 224.9062
379.5890 225.4375
379.9300 225.3125
380.2710 225.3750
380.6120 225.7812
380.9530 225.6562
381.2940 226.0937
381.6360 226.4687
381.9760 227.2812
382.3170 227.3125
382.6580 227.2500
382.9990 226.9687
383.3400 226.8750
383.6810 226.7812
384.0230 226.6250
384.3640 226.2500
384.7050 226.3125
385.0460 225.9687
385.3870 225.9062
385.7280 225.3437
386.0680 225.0312
386.4100 224.2187
386.7510 224.4062
387.0920 224.3750
387.4330 224.7500
387.7740 224.8750
388.1140 225.1250
388.4550 225.1250
388.7960 225.5625
389.1370 225.5937
389.4780 225.5312
389.8200 225.8750
390.1600 226.0937
390.5010 227.1250
390.8420 227.2500
391.1830 227.4687
391.5240 227.2187
391.8650 227.0937
392.2060 226.8437
392.5470 226.6562
392.8880 226.2187
393.2290 223.0625
393.5700 220.0000
393.9110 221.2500
394.2520 221.5312
394.5930 221.5625
394.9340 221.6250
395.2750 221.6875
395.6160 221.8437
395.9570 220.5625
396.2980 218.9375
396.6390 223.5625
396.9810 233.2500
397.3210 243.1250
397.6620 251.0312
398.0030 257.8125
398.3450 264.0938
398.6860 269.7500
399.0280 275.0000
399.3690 279.0313
399.7110 282.1875
400.0520 285.3125
400.3940 288.1250
400.7350 290.4688
401.0760 292.6250
401.4180 294.2813
401.7590 296.1875
402.1010 297.6563
402.4420 299.9688
402.7830 301.8125
403.1250 303.2813
403.4660 305.2500
403.8070 306.7188
404.1490 308.4375
404.4900 309.9375
404.8320 311.5625
405.1730 312.1875
405.5140 313.0313
405.8560 313.4688
406.1970 314.0625
406.5380 314.7500
406.8800 315.0313
407.2210 314.6875
407.5630 315.3438
407.9040 315.9688
408.2450 316.6250
408.5870 317.5938
408.9280 318.1250
409.2690 318.6875
409.6110 319.5938
409.9520 320.8750
410.2940 321.3438
410.6350 321.7188
410.9760 321.7188
411.3180 321.6563
411.6590 321.8125
412.0000 322.0625
412.3420 321.8750
412.6830 321.3438
413.0250 321.4375
413.3660 321.6563
413.7070 322.2188
414.0490 322.7500
414.3900 323.1250
414.7320 323.7188
415.0730 324.0625
415.4140 325.0625
415.7560 325.5313
416.0970 325.4375
416.4380 325.4375
416.7800 325.4063
417.1210 325.3125
417.4620 325.1563
417.8040 325.2188
418.1450 324.5625
418.4870 324.3750
418.8280 324.8750
419.1690 325.0938
419.5110 325.4375
419.8520 325.9063
420.1930 326.3438
420.5350 326.5000
420.8760 327.5938
421.2170 328.0313
421.5590 327.7500
421.9000 327.6563
422.2420 327.7500
422.5830 327.4688
422.9240 327.4375
423.2660 326.7188
423.6070 326.5313
423.9480 326.4688
424.2900 326.9688
424.6310 327.0313
424.9720 327.4063
425.3140 327.9063
425.6550 328.1875
425.9960 328.4375
426.3380 329.5625
426.6790 329.6875
427.0200 329.4688
427.3620 329.6563
427.7030 329.2813
428.0440 329.0625
428.3860 328.9688
428.7270 328.7500
429.0690 327.8750
429.4100 328.2500
429.7510 328.4375
430.0920 328.5625
430.4340 329.1563
430.7750 329.3438
431.1170 329.9688
431.4580 331.0625
431.8000 331.0938
432.1410 330.8438
432.4820 330.8125
432.8240 330.4063
433.1650 330.3438
433.5070 330.3750
433.8480 329.5938
434.1890 328.9375
434.5310 329.4375
434.8720 329.5000
435.2140 329.6875
435.5550 330.3125
435.8960 330.5313
436.2380 330.6250
436.5790 331.8438
436.9210 332.0313
437.2620 331.7188
437.6030 331.6563
437.9450 331.5313
438.2860 331.2188
438.6270 331.0313
438.9690 330.0000
439.3100 329.8438
439.6510 330.4375
439.9930 330.5938
440.3340 330.9688
440.6760 331.4375
441.0170 331.4375
441.3590 332.3438
441.7000 333.0625
442.0410 332.6875
442.3830 332.4063
442.7240 332.5625
443.0660 332.1875
443.4070 331.8438
443.7480 331.1250
444.0900 330.8125
444.4310 330.9375
444.7720 331.4688
445.1140 331.4688
445.4550 331.8125
445.7960 332.2813
446.1380 332.9375
446.4790 333.2188
446.8200 334.0313
447.1620 333.5938
447.5030 333.2813
447.8440 333.3750
448.1860 333.0313
448.5270 332.7188
448.8690 331.9688
449.2100 331.5000
449.5510 331.5625
449.8930 332.0625
450.2340 332.3125
450.5750 332.5938
450.9170 332.8750
451.2580 333.2500
451.5990 334.2188
451.9410 334.5000
452.2820 334.3750
452.6230 334.0625
452.9650 333.9063
453.3060 333.5938
453.6480 333.5000
453.9890 333.1875
454.3300 332.2188
454.6720 332.2188
455.0130 332.4688
455.3550 332.6875
455.6960 333.0000
456.0370 333.4063
456.3790 333.8438
456.7200 334.0625
457.0610 335.0938
457.4030 335.0000
457.7440 334.9063
458.0850 334.7188
458.4270 334.4688
458.7680 334.0938
459.1090 334.1250
459.4510 333.7500
459.7920 332.7188
460.1330 332.8125
460.4750 333.0313
460.8160 333.1875
461.1570 333.5000
461.4990 333.9375
461.8400 334.1250
462.1820 334.3125
462.5230 335.5000
462.8640 335.5938
463.2060 335.2813
463.5470 335.4375
463.8890 335.0000
464.2300 334.6875
464.5710 334.5938
464.9130 333.7188
465.2540 333.5000
465.5960 333.2813
465.9370 333.5000
466.2780 333.6875
466.6200 333.9688
466.9610 334.1875
467.3030 334.4063
467.6440 335.2188
467.9850 336.0000
468.3270 336.0000
468.6680 336.0000
469.0090 335.6563
469.3510 335.2188
469.6920 335.4063
470.0340 335.0938
470.3750 334.6250
470.7160 333.9375
471.0580 333.7188
471.3990 333.6875
471.7410 334.1875
472.0820 334.3750
472.4230 334.5938
472.7650 335.0938
473.1060 335.1563
473.4480 336.0313
473.7890 336.5313
474.1300 336.0938
474.4720 336.0000
474.8130 335.9063
475.1540 335.5313
475.4960 335.2500
475.8370 335.3750
476.1790 334.3438
476.5200 334.0000
476.8620 334.5625
477.2030 334.6875
477.5450 334.9063
477.8860 335.4063
478.2270 335.3750
478.5690 336.1563
478.9100 336.8750
479.2520 336.4375
479.5930 336.3438
479.9340 336.3125
480.2760 335.9063
480.6170 335.6250
480.9590 335.1250
481.3000 334.8125
481.6410 334.2813
481.9830 334.8125
482.3240 334.9688
482.6650 334.9375
483.0070 335.4688
483.3480 335.6563
483.6890 335.6250
484.0310 336.7500
484.3720 337.0625
484.7130 336.6875
485.0550 336.8125
485.3960 336.5313
485.7370 336.1250
486.0790 336.0625
486.4200 335.9688
486.7610 334.9375
487.1030 334.7500
487.4440 334.9375
487.7850 335.0625
488.1270 335.4063
488.4680 335.7500
488.8090 335.7500
489.1510 336.2188
489.4920 337.2500
489.8330 337.1875
490.1750 337.1250
490.5160 337.0000
490.8580 336.5625
491.1990 336.3750
491.5400 336.4688
491.8820 335.8125
492.2230 334.8750
492.5640 335.1563
492.9060 335.1250
493.2470 335.3125
493.5880 335.9375
493.9300 336.0000
494.2710 336.5625
494.6130 332.3125
494.9540 329.0625
495.2950 329.9375
495.6370 329.4688
495.9780 330.8438
496.3190 331.6250
496.6610 331.7188
497.0020 331.3125
497.3440 331.0625
497.6850 331.3438
498.0260 331.8125
498.3680 331.4063
498.7090 331.6563
499.0510 331.9063
499.3920 332.0000
499.7340 332.6563
500.0750 333.2500
500.4160 332.6563
500.7580 332.3125
501.0990 333.0938
501.4410 333.7188
501.7820 333.5938
502.1240 332.7188
502.4650 333.1250
502.8060 333.9375
503.1470 333.3125
503.4890 333.7188
503.8300 333.8125
504.1720 333.8438
504.5130 334.1563
504.8550 334.7500
505.1960 335.1250
505.5370 335.3125
505.8790 334.4375
506.2200 334.2500
506.5610 334.0938
506.9030 334.1563
507.2440 333.5625
507.5860 333.6875
507.9270 334.1250
508.2680 333.8438
508.6100 334.8438
508.9510 334.7500
509.2930 334.3750
509.6340 335.6250
509.9760 335.5938
510.3170 335.9375
510.6580 335.2188
511.0000 334.3438
511.3410 335.3125
511.6820 334.6875
512.0241 335.2500
512.3651 333.4688
512.7061 334.6563
513.0480 335.7500
513.3890 335.1563
513.7301 335.5000
514.0720 337.0938
514.4130 339.8750
514.7540 341.4688
515.0950 342.4688
515.4370 343.0000
515.7780 343.2500
516.1190 341.7813
516.4600 340.0313
516.8020 339.3750
517.1430 293.6563
517.4840 244.6250
517.8250 240.5937
518.1651 238.0312
518.5061 231.3437
518.8471 229.1562
519.1881 227.5625
519.5291 226.0312
519.8690 225.4375
520.2100 224.6875
520.5510 224.9062
520.8920 224.4062
521.2330 224.4062
521.5730 225.1875
521.9140 225.3750
522.2550 226.0312
522.5960 225.9375
522.9370 225.5000
523.2770 225.7812
523.6181 226.0937
523.9591 224.8437
524.2990 225.7500
524.6400 225.9062
524.9810 225.4375
525.3220 224.9375
525.6630 225.2500
526.0040 225.4062
526.3441 224.8437
526.6850 225.6875
527.0260 225.0625
527.3670 225.1875
527.7070 225.5000
528.0480 225.5312
528.3890 226.1250
528.7301 226.4375
529.0700 225.6875
529.4110 225.7187
529.7520 225.8437
530.0930 226.5000
530.4340 227.3750
530.7750 227.0937
531.1151 227.0937
531.4561 227.4375
531.7960 227.2187
532.1370 226.3750
532.4780 229.0625
532.8190 231.0937
533.1590 232.1875
533.5000 232.2500
533.8410 232.1250
534.1820 232.1250
534.5230 231.9687
534.8630 229.9375
535.2041 225.4687
535.5451 234.8750
535.8861 250.7500
536.2271 309.1250
536.5681 329.3438
536.9090 331.8750
537.2510 333.5000
537.5921 333.5938
537.9331 333.9063
538.2750 334.3750
538.6160 335.0000
538.9570 335.1563
539.2980 335.0625
539.6400 335.1875
539.9810 335.3438
540.3220 334.6563
540.6630 334.5625
541.0050 334.6563
541.3460 334.7500
541.6870 334.6875
542.0291 335.5625
542.3701 336.6250
542.7110 335.8750
543.0531 335.0938
543.3941 335.7813
543.7351 336.2500
544.0770 336.2500
544.4180 336.1563
544.7590 336.2813
545.1010 336.3438
545.4420 336.1250
545.7830 336.5313
546.1240 335.8750
546.4660 334.9375
546.8070 335.8438
547.1480 336.6875
547.4901 337.0000
547.8311 336.9063
548.1720 336.4375
548.5140 337.3125
548.8551 337.6563
549.1961 338.3125
549.5380 338.6563
549.8790 337.0313
550.2200 337.2813
550.5610 338.3125
550.9030 337.5313
551.2440 336.2813
551.5850 336.6250
551.9260 336.3125
552.2680 336.8750
552.6090 337.1563
552.9500 337.9063
553.2921 337.2188
553.6331 338.0000
553.9740 337.1250
554.3161 338.6875
554.6571 337.6250
554.9981 337.4688
555.3400 338.2188
555.6810 337.4375
556.0220 337.5938
556.3640 337.1875
556.7050 337.4688
557.0460 336.9063
557.3880 336.5313
557.7290 338.5313
558.0700 338.1875
558.4121 337.9688
558.7531 338.2500
559.0941 338.5938
559.4360 338.1563
559.7770 337.9688
560.1181 338.8438
560.4600 338.5313
560.8010 338.1875
561.1420 337.9688
561.4840 337.5313
561.8250 338.0625
562.1660 338.5313
562.5070 337.3125
562.8490 337.7500
563.1900 337.5625
563.5310 337.7188
563.8731 338.5938
564.2141 338.5000
564.5551 338.8438
564.8970 338.0313
565.2380 339.4063
565.5791 338.2188
565.9201 338.0625
566.2620 338.1250
566.6030 339.1563
566.9440 338.1563
567.2860 337.4063
567.6270 338.7813
567.9680 336.3750
568.3100 338.6250
568.6510 337.3125
568.9920 337.5938
569.3341 337.7813
569.6751 338.0625
570.0161 338.0938
570.3580 339.6563
570.6990 340.2500
571.0401 345.4375
571.3820 347.3438
571.7230 348.3125
572.0640 348.8438
572.4060 349.0938
572.7470 349.1875
573.0880 346.5313
573.4301 346.3750
573.7711 309.9375
574.1120 259.3438
574.4530 240.9687
574.7940 231.6250
575.1350 233.5625
575.4760 234.6562
575.8170 233.3437
576.1580 233.5000
576.4990 232.3125
576.8400 233.4375
577.1801 233.4062
577.5211 233.1875
577.8620 233.3750
578.2030 232.8437
578.5440 232.0000
578.8850 232.5312
579.2260 233.5000
579.5670 233.5625
579.9080 231.9687
580.2481 232.4062
580.5891 232.3437
580.9301 231.9375
581.2711 232.0937
581.6120 232.1250
581.9530 231.5625
582.2940 232.5312
582.6350 231.8750
582.9760 232.8750
583.3161 232.4062
583.6571 232.1250
583.9981 233.1875
584.3391 232.5000
584.6801 232.6875
585.0211 233.1875
585.3620 233.4687
585.7030 232.5937
586.0430 233.7187
586.3850 233.3750
586.7250 233.4375
587.0661 234.1562
587.4071 233.5937
587.7481 233.2500
588.0891 233.6562
588.4301 233.7500
588.7711 232.6875
589.1110 233.8750
589.4530 233.0625
589.7940 234.1250
590.1340 233.4687
590.4750 232.5625
590.8161 233.5625
591.1571 233.6562
591.4981 234.0937
591.8391 233.8437
592.1801 233.7812
592.5211 233.5937
592.8620 233.4062
593.2030 234.7187
593.5440 234.2812
593.8850 233.6562
594.2260 233.4687
594.5670 233.9687
594.9080 234.5625
595.2481 234.9687
595.5900 234.3125
595.9301 234.7812
596.2711 235.1562
596.6130 234.1562
596.9530 233.0625
597.2940 234.8125
597.6350 233.9062
597.9760 233.9687
598.3170 233.9687
598.6580 234.1562
598.9990 232.9375
599.3400 233.8750
599.6810 232.8125
600.0220 233.4375
600.3630 233.1562
600.7041 234.3750
601.0440 235.0625
601.3850 233.4687
601.7260 234.6875
602.0661 235.0312
602.4071 234.6250
602.7481 235.1250
603.0891 234.3750
603.4301 236.3750
603.7711 234.5625
604.1120 235.5625
604.4530 234.8750
604.7940 235.4062
605.1350 235.2812
605.4760 235.3125
605.8161 234.5937
606.1571 235.9062
606.4981 234.9062
606.8391 235.0000
607.1801 234.3125
607.5211 234.1562
607.8620 234.6875
608.2030 234.4375
608.5440 234.2812
608.8850 235.0625
609.2260 234.5312
609.5661 234.5000
609.9071 234.8437
610.2481 234.2500
610.5891 235.2500
610.9301 236.0000
611.2711 240.3750
611.6120 242.6562
611.9530 243.3437
612.2940 243.4687
612.6350 243.4687
612.9760 243.4062
613.3161 243.2500
613.6571 243.1250
613.9981 243.1875
614.3391 236.3125
614.6801 235.1562
615.0211 241.7500
615.3620 303.5625
615.7030 331.5938
616.0451 337.1563
616.3861 337.8125
616.7280 338.4063
617.0690 339.6875
617.4100 338.6875
617.7520 339.0938
618.0930 337.9063
618.4340 339.3750
618.7760 339.9375
619.1170 339.5313
619.4580 339.8125
619.8001 339.0625
620.1411 338.3750
620.4830 338.8750
620.8240 339.1250
621.1651 339.4688
621.5070 338.5625
621.8480 338.6563
622.1890 339.7500
622.5310 338.2813
622.8720 338.3125
623.2130 338.8750
623.5551 339.3438
623.8961 339.4375
624.2370 339.8750
624.5791 339.5625
624.9201 339.3438
625.2611 339.1875
625.6030 340.6563
625.9440 339.4688
626.2850 338.7500
626.6270 339.3125
626.9680 339.0000
627.3090 338.1250
627.6510 338.7188
627.9920 339.4063
628.3330 338.4063
628.6751 339.0000
629.0161 338.7500
629.3571 339.8438
629.6990 339.2500
630.0401 340.5313
630.3820 339.0625
630.7230 339.6250
631.0640 339.5938
631.4050 339.0313
631.7470 339.6563
632.0880 340.2188
632.4301 339.2500
632.7711 339.3125
633.1121 339.3750
633.4541 338.1563
633.7960 339.3125
634.1370 339.1563
634.4780 338.1875
634.8200 338.5000
635.1610 338.8125
635.5031 338.9063
635.8441 339.6875
636.1851 339.9063
636.5270 339.5313
636.8681 339.3125
637.2091 339.0938
637.5510 338.6875
637.8920 339.4688
638.2330 339.1250
638.5750 338.9063
638.9160 338.6563
639.2581 339.0000
639.5991 339.0625
639.9400 338.8750
640.2821 338.9063
640.6231 338.5313
640.9641 338.2188
641.3060 339.2500
641.6470 338.8750
641.9880 339.0625
642.3291 339.9688
642.6710 339.7500
643.0120 339.7500
643.3530 339.0000
643.6950 339.0000
644.0360 339.1875
644.3770 338.8125
644.7180 339.7188
645.0601 338.5938
645.4010 338.3438
645.7420 338.4688
646.0841 338.8438
646.4251 338.2500
646.7661 338.8438
647.1080 338.5625
647.4490 338.5000
647.7901 338.8125
648.1320 338.0000
648.4730 339.2188
648.8140 339.8750
649.1560 339.3125
649.4970 339.0313
649.8380 339.5000
650.1801 338.8750
650.5211 339.2500
650.8621 339.1875
651.2041 338.6875
651.5451 338.9063
651.8861 337.7500
652.2280 338.5625
652.5690 338.1563
652.9100 338.4063
653.2520 338.7500
653.5930 342.6875
653.9340 345.6563
654.2760 347.0000
654.6170 347.7500
654.9580 348.2500
655.3001 348.5313
655.6411 348.3125
655.9821 346.6250
656.3240 342.4375
656.6651 323.1875
657.0061 241.4062
657.3471 237.2500
657.6881 235.5312
658.0291 234.3125
658.3701 234.5000
658.7111 234.1875
659.0520 234.6250
659.3930 233.3437
659.7340 234.0312
660.0740 233.7500
660.4151 234.0937
660.7561 233.9687
661.0971 233.9062
661.4381 234.3125
661.7791 234.2500
662.1201 232.1250
662.4611 234.8437
662.8020 234.1875
663.1430 233.6562
663.4840 234.5312
663.8250 235.2500
664.1660 234.2812
664.5070 234.3125
664.8480 234.3750
665.1881 233.7500
665.5291 234.6562
665.8701 233.4375
666.2111 233.5625
666.5520 233.6250
666.8930 234.4687
667.2340 235.1562
667.5750 235.9062
667.9160 233.4375
668.2570 233.7812
668.5980 233.3125
668.9390 234.2187
669.2791 234.2812
669.6201 233.5000
669.9611 233.2187
670.3020 234.6250
670.6430 234.0312
670.9840 234.0625
671.3250 235.5625
671.6660 234.5937
672.0070 234.0937
672.3480 234.2187
672.6890 234.6875
673.0300 233.9062
673.3710 234.5937
673.7120 234.5937
674.0520 234.9375
674.3941 233.6250
674.7340 234.0625
675.0750 234.4687
675.4160 234.6250
675.7570 235.3125
676.0980 233.9375
676.4390 234.4062
676.7800 235.3750
677.1210 235.3437
677.4620 235.0000
677.8031 233.6250
678.1420 234.0625
678.4830 233.0312
678.8240 234.4687
679.1651 233.1875
679.5061 233.7812
679.8471 233.1562
680.1881 234.0937
680.5291 233.3750
680.8701 234.6250
681.2111 234.7187
681.5520 234.3437
681.8930 235.0937
682.2330 235.1562
682.5740 233.5937
682.9151 234.2812
683.2561 233.8125
683.5971 234.2187
683.9381 234.6875
684.2791 235.4375
684.6201 233.7812
684.9611 234.4375
685.3010 236.0312
685.6420 235.2187
685.9830 235.0312
686.3240 234.5000
686.6651 234.4062
687.0061 234.2812
687.3471 235.0625
687.6881 235.1250
688.0291 234.0625
688.3701 235.0625
688.7111 234.6562
689.0510 235.5625
689.3930 233.6250
689.7340 233.1250
690.0750 233.9375
690.4160 233.4375
690.7570 234.1250
691.0980 234.6562
691.4390 234.7187
691.7800 234.9062
692.1210 233.0937
692.4611 234.5937
692.8021 234.2812
693.1430 234.2500
693.4840 236.1250
693.8250 235.3750
694.1660 236.0312
694.5070 236.0625
694.8480 236.2812
695.1890 235.0625
695.5300 234.9375
695.8710 235.5625
696.2120 235.3437
696.5531 235.1562
696.8941 234.0625
697.2351 235.0312
697.5750 234.0937
697.9160 234.5312
698.2570 235.0312
698.5980 234.0000
698.9390 234.9375
699.2800 234.6562
699.6210 233.8125
699.9620 233.9687
700.3031 236.0625
700.6441 235.4062
700.9851 234.3125
701.3261 234.2500
701.6671 234.8750
702.0081 234.6562
702.3491 234.5000
702.6901 234.7812
703.0310 234.3125
703.3720 234.6250
703.7130 235.6250
704.0540 236.4062
704.3950 243.5937
704.7360 245.4062
705.0761 245.9062
705.4171 246.0625
705.7581 246.1250
706.0991 246.0312
706.4401 238.3125
706.7810 239.0312
707.1220 265.3750
707.4641 319.5625
707.8051 339.5000
708.1461 338.8750
708.4880 339.2813
708.8291 339.9688
709.1701 337.8750
709.5120 338.9375
709.8530 339.1563
710.1950 338.8125
710.5360 338.2813
710.8770 338.1250
711.2191 337.9688
711.5601 338.2500
711.9020 337.6250
712.2431 338.1875
712.5850 338.6563
712.9260 337.5000
713.2670 338.2188
713.6090 338.7188
713.9500 338.6563
714.2921 338.3438
714.6331 338.7813
714.9741 338.5313
715.3161 339.5625
715.6571 337.8438
715.9990 339.1250
716.3400 339.0000
716.6810 338.7813
717.0230 339.1250
717.3640 338.5000
717.7061 338.2813
718.0471 338.0938
718.3890 338.8438
718.7301 339.0313
719.0711 338.9688
719.4130 339.7813
719.7540 338.5938
720.0960 339.1250
720.4370 339.7500
720.7780 338.8125
721.1201 339.3750
721.4611 338.9063
721.8031 338.2188
722.1441 338.8125
722.4860 338.3125
722.8270 338.2500
723.1680 338.7188
723.5100 339.0000
723.8510 339.0000
724.1920 339.3438
724.5341 338.3750
724.8751 339.5313
725.2161 339.9688
725.5581 339.3438
725.8991 339.8125
726.2401 339.0625
726.5820 339.6563
726.9230 339.5000
727.2640 339.1563
727.6060 339.2188
727.9470 339.0313
728.2891 338.1563
728.6300 338.8750
728.9710 338.1875
729.3131 338.8438
729.6541 339.5000
729.9951 339.4375
730.3370 338.7813
730.6781 339.6875
731.0191 340.2188
731.3610 340.3125
731.7020 339.6250
732.0440 339.8750
732.3850 340.0625
732.7260 339.6250
733.0681 339.1250
733.4091 339.9375
733.7510 339.3438
734.0921 338.7500
734.4331 339.2500
734.7750 339.6250
735.1160 340.2188
735.4570 339.6875
735.7990 338.5625
736.1400 338.9688
736.4810 340.2500
736.8231 340.0625
737.1641 339.8750
737.5061 339.5313
737.8471 339.5625
738.1881 340.0938
738.5300 338.6875
738.8710 338.7813
739.2130 338.5938
739.5540 338.4688
739.8950 339.6875
740.2371 338.1563
740.5781 339.2813
740.9190 338.5625
741.2611 339.5625
741.6021 339.7813
741.9431 339.2188
742.2850 339.4688
742.6260 339.5625
742.9680 339.5625
743.3090 339.2500
743.6500 340.0000
743.9921 339.8438
744.3330 339.3438
744.6740 337.5313
745.0161 339.3438
745.3571 339.9063
745.6990 339.0625
746.0401 339.6250
746.3820 339.6250
746.7230 340.0938
747.0640 339.0938
747.4060 339.3438
747.7470 339.6250
748.0891 340.0938
748.4301 340.4063
748.7711 339.4375
749.1130 338.9063
749.4541 339.0625
749.7960 338.6250
750.1370 338.7500
750.4780 338.5625
750.8200 338.0313
751.1610 338.1875
751.5031 338.7813
751.8441 338.9375
752.1860 339.8438
752.5270 339.1563
752.8681 338.9688
753.2100 339.3438
753.5510 339.4688
753.8920 338.9063
754.2340 339.0938
754.5750 339.7500
754.9171 339.0625
755.2581 338.7188
755.5991 338.2813
755.9411 338.5625
756.2821 338.4375
756.6240 338.6875
756.9650 338.3750
757.3070 341.3125
757.6480 345.0313
757.9890 346.7813
758.3311 347.4688
758.6721 347.8438
759.0140 348.1250
759.3551 344.6875
759.6970 349.3750
760.0380 343.3750
760.3790 251.9687
760.7200 236.0937
761.0610 234.4375
761.4020 234.9687
761.7431 234.6875
762.0841 235.0312
762.4260 234.9687
762.7670 234.9062
763.1071 234.6250
763.4490 234.9062
763.7901 234.8437
764.1301 235.4687
764.4710 234.8125
764.8120 235.0312
765.1530 235.3437
765.4940 235.5312
765.8350 235.7187
766.1760 234.3437
766.5181 234.8750
766.8590 234.9375
767.1990 234.2187
767.5410 233.6250
767.8820 234.6250
768.2221 233.8437
768.5631 234.6250
768.9041 235.0937
769.2451 234.7500
769.5870 235.6562
769.9281 234.2500
770.2691 234.7187
770.6101 234.4062
770.9511 235.0937
771.2921 235.2500
771.6331 235.2500
771.9741 235.3125
772.3151 234.8437
772.6561 236.0625
772.9970 234.4687
773.3380 234.4687
773.6790 234.5312
774.0200 234.7500
774.3610 234.7187
774.7020 235.1875
775.0430 233.8125
775.3840 233.7187
775.7250 235.0312
776.0661 233.9375
776.4071 234.9062
776.7481 234.5625
777.0891 234.0625
777.4301 233.5625
777.7720 234.9375
778.1121 235.3125
778.4541 234.2812
778.7951 235.0000
779.1361 235.3437
779.4760 235.9062
779.8170 235.0937
780.1580 235.0937
780.4990 234.3437
780.8400 234.5937
781.1810 232.9375
781.5220 234.0625
781.8630 234.7187
782.2041 234.0625
782.5451 235.1562
782.8861 233.8750
783.2271 234.5625
783.5681 235.1250
783.9100 235.0000
784.2501 234.9062
784.5911 234.6562
784.9331 235.2500
785.2730 234.4375
785.6151 234.5625
785.9561 235.0000
786.2971 234.7500
786.6381 234.8750
786.9791 234.7187
787.3200 234.5625
787.6610 234.5000
788.0020 234.0000
788.3430 233.9375
788.6840 235.0937
789.0250 235.1562
789.3660 233.8437
789.7070 234.3437
790.0480 234.2187
790.3890 234.6875
790.7301 234.7500
791.0711 234.4062
791.4121 234.9062
791.7540 234.8437
792.0941 234.8750
792.4360 233.8750
792.7770 234.2812
793.1181 234.3750
793.4591 234.2187
793.8001 234.3750
794.1411 235.1562
794.4821 233.9375
794.8231 233.4062
795.1641 234.7500
795.5061 234.3750
795.8471 235.3750
796.1881 233.8750
796.5291 233.8750
796.8701 235.0937
797.2111 235.5937
797.5521 235.0312
797.8931 235.9375
798.2340 236.0937
798.5750 233.6875
798.9160 235.4687
799.2570 235.5000
799.5980 234.4062
799.9390 235.1875
800.2800 234.2500
800.6210 234.7187
800.9620 235.2187
801.3031 234.5000
801.6441 234.4375
801.9851 235.0000
802.3261 233.8437
802.6671 235.0312
803.0081 234.9375
803.3491 234.6562
803.6901 234.6562
804.0311 235.8750
804.3720 236.1875
804.7130 234.7812
805.0540 234.4375
805.3950 234.1562
805.7360 235.6250
806.0770 233.8437
806.4180 235.8750
806.7590 234.3125
807.1000 234.5312
807.4411 233.6250
807.7821 234.5937
808.1231 235.1250
808.4641 234.7187
808.8051 234.0000
809.1461 234.7187
809.4871 234.8750
809.8281 234.7187
810.1691 234.9375
810.5100 235.0937
810.8510 234.3750
811.1920 234.7500
811.5330 234.8437
811.8740 234.4375
812.2150 235.4375
812.5560 235.4687
812.8970 234.8750
813.2380 235.1875
813.5791 234.3750
813.9201 234.7500
814.2611 235.3125
814.6021 235.5625
814.9431 234.9687
815.2841 234.6562
815.6251 235.4062
815.9661 234.9687
816.3071 234.6250
816.6480 234.7187
816.9890 234.4062
817.3300 233.9687
817.6710 236.4375
818.0120 234.3750
818.3530 235.4062
818.6940 235.1875
819.0350 235.7500
819.3760 234.7812
819.7171 235.1562
820.0581 234.7187
820.3991 235.3125
820.7401 235.9375
821.0811 235.0937
821.4221 233.5625
821.7631 234.6875
822.1041 233.6875
822.4451 234.3750
822.7871 234.6562
823.1270 235.1562
823.4691 235.3437
823.8101 235.0625
824.1511 234.2812
824.4921 234.5625
824.8331 236.2812
825.1740 236.0625
825.5150 235.4375
825.8560 234.6562
826.1961 235.1250
826.5371 235.9687
826.8770 234.9375
827.2180 235.5625
827.5590 233.9375
