           1           0  0.114914991    
           2           0  0.114439495    
           3           0  0.113611042    
           4           0  0.114555821    
           5           0  0.113951534    
           6           0  0.114285067    
           7           0  0.115537807    
           8           0  0.115571834    
           9           0  0.115964778    
          10           0  0.116579846    
          11           0  0.117451221    
          12           0  0.119387083    
          13           0  0.120916136    
          14           0  0.123487182    
          15           0  0.123757593    
          16           0  0.125991628    
          17           0  0.126888976    
          18           0  0.130145371    
          19           0  0.131177977    
          20           0  0.134225011    
           0           1  0.124987334    
           1           1  0.119836450    
           2           1  0.118862659    
           3           1  0.119780473    
           4           1  0.120224722    
           5           1  0.120371796    
           6           1  0.120587468    
           7           1  0.120692126    
           8           1  0.120992236    
           9           1  0.123063795    
          10           1  0.124636762    
          11           1  0.126010448    
          12           1  0.126539990    
          13           1  0.128051564    
          14           1  0.130028844    
          15           1  0.130098388    
          16           1  0.129795983    
          17           1  0.129842430    
          18           1  0.140316308    
          19           1  0.124053128    
          20           1  0.146533325    
           0           2   8.69593695E-02
           1           2  0.114219204    
           2           2  0.113667764    
           3           2  0.112235665    
           4           2  0.113065109    
           5           2  0.112951666    
           6           2  0.111849025    
           7           2  0.110982627    
           8           2  0.111240312    
           9           2  0.111525968    
          10           2  0.112609781    
          11           2  0.114150412    
          12           2  0.114892788    
          13           2  0.115542278    
          14           2  0.116859645    
          15           2  0.118868172    
          16           2  0.120470293    
          17           2  0.122779526    
          18           2  0.124969207    
          19           2  0.126539841    
          20           2  0.128284022    
           0           3  0.113314010    
           1           3  0.116425574    
           2           3  0.114184633    
           3           3  0.116315849    
           4           3  0.116427362    
           5           3  0.117591985    
           6           3  0.116851993    
           7           3  0.116262555    
           8           3  0.115998700    
           9           3  0.116983071    
          10           3  0.117509432    
          11           3  0.118811645    
          12           3  0.120114207    
          13           3  0.121942282    
          14           3  0.122700155    
          15           3  0.123422064    
          16           3  0.124328800    
          17           3  0.125628337    
          18           3  0.127830923    
          19           3  0.129033342    
          20           3  0.131343767    
           0           4   9.22093913E-02
           1           4  0.114077844    
           2           4  0.112186439    
           3           4  0.114278466    
           4           4  0.113455519    
           5           4  0.113553569    
           6           4  0.112383381    
           7           4  0.111350983    
           8           4  0.111843616    
           9           4  0.112811394    
          10           4  0.114485294    
          11           4  0.116771281    
          12           4  0.118661396    
          13           4  0.120633066    
          14           4  0.123771049    
          15           4  0.126466423    
          16           4  0.129640475    
          17           4  0.132993385    
          18           4  0.135053173    
          19           4  0.138714477    
          20           4  0.137877837    
           0           5  0.118888192    
           1           5  0.122436203    
           2           5  0.122786582    
           3           5  0.123250604    
           4           5  0.122034170    
           5           5  0.123619907    
           6           5  0.121652357    
           7           5  0.120780043    
           8           5  0.120792955    
           9           5  0.123153500    
          10           5  0.123565219    
          11           5  0.125543594    
          12           5  0.125492588    
          13           5  0.126503631    
          14           5  0.126850471    
          15           5  0.127066538    
          16           5  0.127466932    
          17           5  0.130151883    
          18           5  0.129676923    
          19           5  0.130895391    
          20           5  0.130453229    
           0           6   7.54666924E-02
           1           6  0.112738475    
           2           6  0.112502642    
           3           6  0.113121934    
           4           6  0.110862918    
           5           6  0.112729438    
           6           6  0.110973135    
           7           6  0.110509962    
           8           6  0.114631124    
           9           6  0.121510841    
          10           6  0.126843765    
          11           6  0.127610639    
          12           6  0.124425761    
          13           6  0.118950427    
          14           6  0.115548044    
          15           6  0.114079185    
          16           6  0.115989417    
          17           6  0.120035924    
          18           6  0.123117335    
          19           6  0.127246454    
          20           6  0.130457744    
           0           7  0.106309816    
           1           7  0.115320355    
           2           7  0.115112431    
           3           7  0.116311133    
           4           7  0.117098361    
           5           7  0.116561025    
           6           7  0.116294190    
           7           7  0.123658948    
           8           7  0.140120909    
           9           7  0.153143585    
          10           7  0.157283470    
          11           7  0.155711591    
          12           7  0.143660486    
          13           7  0.132889822    
          14           7  0.124292888    
          15           7  0.118676789    
          16           7  0.117255569    
          17           7  0.119814344    
          18           7  0.124415874    
          19           7  0.129205063    
          20           7  0.132848188    
           0           8   7.97599182E-02
           1           8  0.113798000    
           2           8  0.114073619    
           3           8  0.114240915    
           4           8  0.114599288    
           5           8  0.115423664    
           6           8  0.120343089    
           7           8  0.142245218    
           8           8  0.169108585    
           9           8  0.176586092    
          10           8  0.177456871    
          11           8  0.167268336    
          12           8  0.155732751    
          13           8  0.142049119    
          14           8  0.129327253    
          15           8  0.118721448    
          16           8  0.109932043    
          17           8  0.105708361    
          18           8  0.111283280    
          19           8  0.116874047    
          20           8  0.122168630    
           0           9   9.29415897E-02
           1           9  0.117096223    
           2           9  0.116997130    
           3           9  0.117860854    
           4           9  0.119664840    
           5           9  0.121132754    
           6           9  0.131473616    
           7           9  0.160545588    
           8           9  0.186995000    
           9           9  0.192326739    
          10           9  0.187308922    
          11           9  0.178595811    
          12           9  0.170265764    
          13           9  0.153179988    
          14           9  0.140358031    
          15           9  0.127578497    
          16           9  0.115312055    
          17           9  0.111036964    
          18           9  0.110211685    
          19           9  0.114184387    
          20           9  0.119299211    
           0          10   4.85230573E-02
           1          10  0.108146831    
           2          10  0.108113453    
           3          10  0.108031943    
           4          10  0.108754106    
           5          10  0.111763790    
           6          10  0.129039750    
           7          10  0.171302885    
           8          10  0.201095924    
           9          10  0.203180045    
          10          10  0.201196805    
          11          10  0.183981284    
          12          10  0.171187147    
          13          10  0.155784115    
          14          10  0.141715139    
          15          10  0.127708241    
          16          10  0.112616733    
          17          10  0.101102807    
          18          10   9.52345282E-02
          19          10   9.30157974E-02
          20          10   9.90332291E-02
           0          11   4.27233726E-02
           1          11  0.102576382    
           2          11  0.102200523    
           3          11  0.102931179    
           4          11  0.104341872    
           5          11  0.109330036    
           6          11  0.138551459    
           7          11  0.185356215    
           8          11  0.210014120    
           9          11  0.208874822    
          10          11  0.199525684    
          11          11  0.187942013    
          12          11  0.173663825    
          13          11  0.157233596    
          14          11  0.143725693    
          15          11  0.128952086    
          16          11  0.116375305    
          17          11  0.100387052    
          18          11   9.48173925E-02
          19          11   9.28020105E-02
          20          11   9.42154378E-02
           0          12   3.19106430E-02
           1          12  0.100672759    
           2          12  0.100586630    
           3          12  0.101672277    
           4          12  0.102497652    
           5          12  0.106174067    
           6          12  0.125801429    
           7          12  0.169995755    
           8          12  0.201809883    
           9          12  0.206887901    
          10          12  0.200591713    
          11          12  0.187693268    
          12          12  0.174133018    
          13          12  0.151935741    
          14          12  0.137180910    
          15          12  0.124638401    
          16          12  0.111032546    
          17          12  0.101534687    
          18          12   9.70764086E-02
          19          12   9.66243073E-02
          20          12  0.100546591    
           0          13   5.92486151E-02
           1          13  0.105159745    
           2          13  0.105229437    
           3          13  0.105274335    
           4          13  0.106497377    
           5          13  0.107845731    
           6          13  0.116444893    
           7          13  0.144645602    
           8          13  0.179068878    
           9          13  0.194335654    
          10          13  0.198963210    
          11          13  0.183877677    
          12          13  0.168147013    
          13          13  0.148938626    
          14          13  0.134766117    
          15          13  0.122560881    
          16          13  0.112566620    
          17          13  0.106934227    
          18          13  0.106285527    
          19          13  0.107868284    
          20          13  0.112564780    
           0          14   6.36536479E-02
           1          14  0.107875183    
           2          14  0.108209766    
           3          14  0.108265996    
           4          14  0.108288497    
           5          14  0.109115608    
           6          14  0.112184353    
           7          14  0.131609663    
           8          14  0.160682827    
           9          14  0.179294571    
          10          14  0.184000507    
          11          14  0.175334796    
          12          14  0.162204981    
          13          14  0.143790215    
          14          14  0.131138682    
          15          14  0.121956386    
          16          14  0.114409745    
          17          14  0.109254390    
          18          14  0.110987738    
          19          14  0.112419546    
          20          14  0.115264475    
           0          15   5.61318882E-02
           1          15  0.105007805    
           2          15  0.103325859    
           3          15  0.103718758    
           4          15  0.103734106    
           5          15  0.104478762    
           6          15  0.105645478    
           7          15  0.114264756    
           8          15  0.134768799    
           9          15  0.156098932    
          10          15  0.165387020    
          11          15  0.162176266    
          12          15  0.152212203    
          13          15  0.136239007    
          14          15  0.123457730    
          15          15  0.113986500    
          16          15  0.108158007    
          17          15  0.105793044    
          18          15  0.105592027    
          19          15  0.107802421    
          20          15  0.111048736    
           0          16   6.55173883E-02
           1          16  0.102367863    
           2          16  0.102239415    
           3          16  0.101997867    
           4          16  0.102744170    
           5          16  0.102237880    
           6          16  0.102192976    
           7          16  0.105642743    
           8          16  0.115136221    
           9          16  0.129953787    
          10          16  0.144900709    
          11          16  0.144855261    
          12          16  0.138202772    
          13          16  0.127789393    
          14          16  0.119968176    
          15          16  0.115048409    
          16          16  0.112564780    
          17          16  0.113025971    
          18          16  0.114870287    
          19          16  0.118465692    
          20          16  0.120590799    
           0          17   8.70324299E-02
           1          17  0.104222268    
           2          17  0.103508696    
           3          17  0.104365118    
           4          17  0.104951032    
           5          17  0.105452403    
           6          17  0.105960190    
           7          17  0.106957473    
           8          17  0.109513223    
           9          17  0.114410289    
          10          17  0.121455662    
          11          17  0.126404539    
          12          17  0.126491413    
          13          17  0.125114486    
          14          17  0.120855294    
          15          17  0.119754940    
          16          17  0.119072765    
          17          17  0.119497545    
          18          17  0.119965047    
          19          17  0.122070082    
          20          17  0.123787098    
           0          18   8.32419246E-02
           1          18  0.104418613    
           2          18  0.104268357    
           3          18  0.103898562    
           4          18  0.105564214    
           5          18  0.106190711    
           6          18  0.106667697    
           7          18  0.107690856    
           8          18  0.108480126    
           9          18  0.110617742    
          10          18  0.112989113    
          11          18  0.117034234    
          12          18  0.120057337    
          13          18  0.120958708    
          14          18  0.120559208    
          15          18  0.120926224    
          16          18  0.121006191    
          17          18  0.122358769    
          18          18  0.123198003    
          19          18  0.124896787    
          20          18  0.127017617    
           0          19   9.14609581E-02
           1          19  0.106392920    
           2          19  0.106298000    
           3          19  0.107079759    
           4          19  0.107532509    
           5          19  0.107610293    
           6          19  0.107632697    
           7          19  0.108435914    
           8          19  0.108728081    
           9          19  0.111219004    
          10          19  0.110951081    
          11          19  0.113995887    
          12          19  0.115254939    
          13          19  0.116142549    
          14          19  0.117581703    
          15          19  0.118360937    
          16          19  0.119783849    
          17          19  0.121151574    
          18          19  0.122196250    
          19          19  0.123130649    
          20          19  0.123446405    
           0          20   9.05073360E-02
           1          20  0.105985224    
           2          20  0.105524227    
           3          20  0.106123604    
           4          20  0.106249817    
           5          20  0.106341556    
           6          20  0.107271239    
           7          20  0.108428568    
           8          20  0.108774871    
           9          20  0.110652462    
          10          20  0.111028224    
          11          20  0.112470008    
          12          20  0.113617301    
          13          20  0.115575910    
          14          20  0.117492594    
          15          20  0.119958937    
          16          20  0.121160962    
          17          20  0.123094290    
          18          20  0.124970943    
          19          20  0.125797957    
          20          20  0.127183661    
