           1           0   9.18153599E-02
           2           0   9.24788043E-02
           3           0   9.13851112E-02
           4           0   9.20675844E-02
           5           0   9.14870873E-02
           6           0   9.23169330E-02
           7           0   9.28638056E-02
           8           0   9.36854556E-02
           9           0   9.44931433E-02
          10           0   9.61351022E-02
          11           0   9.75529477E-02
          12           0   9.99018177E-02
          13           0  0.101736456    
          14           0  0.104828596    
          15           0  0.108264402    
          16           0  0.110271096    
          17           0  0.114064336    
          18           0  0.117434233    
          19           0  0.122061342    
          20           0  0.127539560    
          20           1  0.127697602    
          19           1  0.133472994    
          18           1  0.136039779    
          17           1  0.133886456    
          16           1  0.131777346    
          15           1  0.128469244    
          14           1  0.125331849    
          13           1  0.123198800    
          12           1  0.120184787    
          11           1  0.118947148    
          10           1  0.118344642    
           9           1  0.117181256    
           8           1  0.117194571    
           7           1  0.117077149    
           6           1  0.117212705    
           5           1  0.116641834    
           4           1  0.116382755    
           3           1  0.115756012    
           2           1  0.114347257    
           1           1  0.113783695    
           0           1  0.113233641    
           0           2  0.114093192    
           1           2  0.114406466    
           2           2  0.113411114    
           3           2  0.112309821    
           4           2  0.112533882    
           5           2  0.111705482    
           6           2  0.110585108    
           7           2  0.111863732    
           8           2  0.111965999    
           9           2  0.112116553    
          10           2  0.112678677    
          11           2  0.113658823    
          12           2  0.115921862    
          13           2  0.117213547    
          14           2  0.118765354    
          15           2  0.121638395    
          16           2  0.122865655    
          17           2  0.125543341    
          18           2  0.126313642    
          19           2  0.128061995    
          20           2  0.130141601    
          20           3  0.127865046    
          19           3  0.132039711    
          18           3  0.132609323    
          17           3  0.130864501    
          16           3  0.128233954    
          15           3  0.124778919    
          14           3  0.121766001    
          13           3  0.119328022    
          12           3  0.117345519    
          11           3  0.116281129    
          10           3  0.115813978    
           9           3  0.114805266    
           8           3  0.115104832    
           7           3  0.113601305    
           6           3  0.113136485    
           5           3  0.113559335    
           4           3  0.113200963    
           3           3  0.112078309    
           2           3  0.110517658    
           1           3  0.109517843    
           0           3  0.108378693    
           0           4  0.108365834    
           1           4  0.108318545    
           2           4  0.107401378    
           3           4  0.107010819    
           4           4  0.106219515    
           5           4  0.105032042    
           6           4  0.103651151    
           7           4  0.101857647    
           8           4  0.101238109    
           9           4  0.102688238    
          10           4  0.103647329    
          11           4  0.105143800    
          12           4  0.107606173    
          13           4  0.107974082    
          14           4  0.108801097    
          15           4  0.110509664    
          16           4  0.113318384    
          17           4  0.115512133    
          18           4  0.118577994    
          19           4  0.121592946    
          20           4  0.124305211    
          20           5  0.121131860    
          19           5  0.127859235    
          18           5  0.128167391    
          17           5  0.126841888    
          16           5  0.123813570    
          15           5  0.120582402    
          14           5  0.117106110    
          13           5  0.113420799    
          12           5  0.111647069    
          11           5  0.113386631    
          10           5  0.116453141    
           9           5  0.118670188    
           8           5  0.118581079    
           7           5  0.115035340    
           6           5  0.112142682    
           5           5  0.110327318    
           4           5  0.108521946    
           3           5  0.109766096    
           2           5  0.110548057    
           1           5  0.111066073    
           0           5  0.110506535    
           0           6  0.110195696    
           1           6  0.110703528    
           2           6  0.111087032    
           3           6  0.110476531    
           4           6  0.110094219    
           5           6  0.109093055    
           6           6  0.107009873    
           7           6  0.108419724    
           8           6  0.121878900    
           9           6  0.134010836    
          10           6  0.140991285    
          11           6  0.142128140    
          12           6  0.135126278    
          13           6  0.124348670    
          14           6  0.116759360    
          15           6  0.109612316    
          16           6  0.107765317    
          17           6  0.110738695    
          18           6  0.114509627    
          19           6  0.120180964    
          20           6  0.124610387    
          20           7  0.122171313    
          19           7  0.125786230    
          18           7  0.127391532    
          17           7  0.125432178    
          16           7  0.121927582    
          15           7  0.117740899    
          14           7  0.113671340    
          13           7  0.117301263    
          12           7  0.139140412    
          11           7  0.164309025    
          10           7  0.175633863    
           9           7  0.175685808    
           8           7  0.168704614    
           7           7  0.155372143    
           6           7  0.132191896    
           5           7  0.107712612    
           4           7   7.89074749E-02
           3           7   6.78069964E-02
           2           7   6.50172532E-02
           1           7   6.99307621E-02
           0           7   7.61635229E-02
           0           8   8.38369727E-02
           1           8   8.95382613E-02
           2           8   8.91475528E-02
           3           8   9.01990309E-02
           4           8   9.06572416E-02
           5           8   9.07914490E-02
           6           8  0.108523533    
           7           8  0.158964664    
           8           8  0.200906828    
           9           8  0.202553108    
          10           8  0.191481695    
          11           8  0.178663462    
          12           8  0.164050430    
          13           8  0.146194622    
          14           8  0.128565848    
          15           8  0.110956252    
          16           8   9.19969529E-02
          17           8   7.94546455E-02
          18           8   7.36076757E-02
          19           8   7.48784468E-02
          20           8   8.11527818E-02
          20           9   9.20945033E-02
          19           9   9.27424580E-02
          18           9   9.70990583E-02
          17           9  0.101039425    
          16           9  0.101362132    
          15           9  0.104284108    
          14           9  0.127089843    
          13           9  0.178695902    
          12           9  0.214953303    
          11           9  0.220526740    
          10           9  0.220875621    
           9           9  0.207202867    
           8           9  0.200093821    
           7           9  0.184141129    
           6           9  0.158992633    
           5           9  0.130423620    
           4           9   9.72512513E-02
           3           9   7.11136162E-02
           2           9   5.42272218E-02
           1           9   4.66195308E-02
           0           9   5.92771769E-02
           0          10   7.46642202E-02
           1          10   8.46817717E-02
           2          10   8.58430192E-02
           3          10   8.73751566E-02
           4          10   8.98007229E-02
           5          10   9.37085971E-02
           6          10  0.123610221    
           7          10  0.190687507    
           8          10  0.235713467    
           9          10  0.219184995    
          10          10  0.206577271    
          11          10  0.192353457    
          12          10  0.179090530    
          13          10  0.161164328    
          14          10  0.144863352    
          15          10  0.128038645    
          16          10  0.110005356    
          17          10   8.93111154E-02
          18          10   8.15513358E-02
          19          10   7.73257166E-02
          20          10   7.83057138E-02
          20          11   9.47082192E-02
          19          11   8.76330510E-02
          18          11   9.26445574E-02
          17          11   9.99648049E-02
          16          11  0.104779616    
          15          11  0.120663069    
          14          11  0.159255639    
          13          11  0.201706916    
          12          11  0.221945077    
          11          11  0.221750230    
          10          11  0.213930145    
           9          11  0.205600798    
           8          11  0.196183547    
           7          11  0.180422097    
           6          11  0.156356812    
           5          11  0.129993677    
           4          11   9.31419060E-02
           3          11   7.24591911E-02
           2          11   6.05226643E-02
           1          11   6.10626340E-02
           0          11   6.88723847E-02
           0          12   8.25388357E-02
           1          12   9.14362222E-02
           2          12   9.06767100E-02
           3          12   9.15492699E-02
           4          12   9.35868546E-02
           5          12   9.53965560E-02
           6          12  0.113129184    
           7          12  0.166736767    
           8          12  0.209933057    
           9          12  0.216711551    
          10          12  0.209653512    
          11          12  0.196237892    
          12          12  0.182599753    
          13          12  0.157850310    
          14          12  0.141047955    
          15          12  0.126608431    
          16          12  0.111575842    
          17          12  0.100653432    
          18          12   9.36236605E-02
          19          12   9.05325636E-02
          20          12   9.19359103E-02
          20          13  0.105376557    
          19          13   9.85820740E-02
          18          13  0.104565144    
          17          13  0.109870799    
          16          13  0.114638478    
          15          13  0.121974617    
          14          13  0.143607676    
          13          13  0.176790938    
          12          13  0.200551823    
          11          13  0.209018081    
          10          13  0.210170880    
           9          13  0.195767209    
           8          13  0.182434842    
           7          13  0.166658580    
           6          13  0.144704998    
           5          13  0.121888340    
           4          13   9.50636640E-02
           3          13   7.45014474E-02
           2          13   6.45209923E-02
           1          13   6.48548305E-02
           0          13   7.22871348E-02
           0          14   8.16608593E-02
           1          14   9.14594159E-02
           2          14   9.17464122E-02
           3          14   9.21768099E-02
           4          14   9.22089443E-02
           5          14   9.22897086E-02
           6          14   9.66585800E-02
           7          14  0.121808566    
           8          14  0.165612519    
           9          14  0.199138552    
          10          14  0.193897665    
          11          14  0.182615891    
          12          14  0.165466338    
          13          14  0.146155775    
          14          14  0.128665432    
          15          14  0.116874792    
          16          14  0.105265148    
          17          14   9.78707448E-02
          18          14   9.18071643E-02
          19          14   9.46941599E-02
          20          14   9.83297005E-02
          20          15  0.106802002    
          19          15  0.106531054    
          18          15  0.110613868    
          17          15  0.114171222    
          16          15  0.115832604    
          15          15  0.117499895    
          14          15  0.122341238    
          13          15  0.140508428    
          12          15  0.159611180    
          11          15  0.172146842    
          10          15  0.175525278    
           9          15  0.169876888    
           8          15  0.157668561    
           7          15  0.141047955    
           6          15  0.119643278    
           5          15   9.95753855E-02
           4          15   7.65128583E-02
           3          15   7.21310675E-02
           2          15   7.46334195E-02
           1          15   8.13231990E-02
           0          15   8.74954090E-02
           0          16   9.25070196E-02
           1          16   9.47290286E-02
           2          16   9.43800434E-02
           3          16   9.38710198E-02
           4          16   9.35397223E-02
           5          16   9.26782861E-02
           6          16   9.26749557E-02
           7          16   9.55414921E-02
           8          16  0.107063867    
           9          16  0.127917647    
          10          16  0.144243717    
          11          16  0.147329494    
          12          16  0.139481142    
          13          16  0.127244905    
          14          16  0.114406265    
          15          16  0.104482986    
          16          16   9.89698991E-02
          17          16   9.66475531E-02
          18          16   9.74740759E-02
          19          16   9.93603095E-02
          20          16  0.103566267    
          20          17  0.105753809    
          19          17  0.108608671    
          18          17  0.152123898    
          17          17  0.102896959    
          16          17  0.108655855    
          15          17  0.110887505    
          14          17  0.111379541    
          13          17  0.112616137    
          12          17  0.116615511    
          11          17  0.123228051    
          10          17  0.128157705    
           9          17  0.127006099    
           8          17  0.118776582    
           7          17  0.106256917    
           6          17   9.52623412E-02
           5          17   8.94039050E-02
           4          17   8.88347775E-02
           3          17   9.12273079E-02
           2          17   9.48639885E-02
           1          17   9.63426307E-02
           0          17   9.72278565E-02
           0          18   9.57207009E-02
           1          18   9.61554721E-02
           2          18   9.52888206E-02
           3          18   9.51958373E-02
           4          18   9.49320868E-02
           5          18   9.40702036E-02
           6          18   9.27462354E-02
           7          18   9.23859701E-02
           8          18   9.36181471E-02
           9          18   9.53214541E-02
          10          18   9.87191647E-02
          11          18  0.102555968    
          12          18  0.105244339    
          13          18  0.105302699    
          14          18  0.103832752    
          15          18  0.102913447    
          16          18  0.102285460    
          17          18  0.102560736    
          18          18  0.103110790    
          19          18  0.104639351    
          20          18  0.106487989    
          20          19  0.104901165    
          19          19  0.107746586    
          18          19  0.111043222    
          17          19  0.112602182    
          16          19  0.112752832    
          15          19  0.111791760    
          14          19  0.110192120    
          13          19  0.108500287    
          12          19  0.106235564    
          11          19  0.106711701    
          10          19  0.105694801    
           9          19  0.103380248    
           8          19   9.90113765E-02
           7          19   9.53463390E-02
           6          19   9.28799957E-02
           5          19   9.22162458E-02
           4          19   9.27902386E-02
           3          19   9.36889276E-02
           2          19   9.51123387E-02
           1          19   9.45657119E-02
           0          19   9.48882774E-02
           0          20   9.37867314E-02
           1          20   9.32025537E-02
           2          20   9.30953696E-02
           3          20   9.32596251E-02
           4          20   9.26199704E-02
           5          20   9.25520211E-02
           6          20   9.12172273E-02
           7          20   9.16730538E-02
           8          20   9.23675448E-02
           9          20   9.29666236E-02
          10          20   9.38438997E-02
          11          20   9.47870463E-02
          12          20   9.55110937E-02
          13          20   9.70633477E-02
          14          20   9.88221318E-02
          15          20  0.100983396    
          16          20  0.102557808    
          17          20  0.105016991    
          18          20  0.106134333    
          19          20  0.108069792    
          20          20  0.109986082    
