0 0 0.09089739
1 0 0.09103508
2 0 0.09125164
3 0 0.09127166
4 0 0.09139105
5 0 0.09140545
6 0 0.09154217
7 0 0.091740415
8 0 0.09203217
9 0 0.09240132
10 0 0.092961386
11 0 0.09365012
12 0 0.09458787
13 0 0.09566016
14 0 0.09703542
15 0 0.09871977
16 0 0.10045247
17 0 0.10249425
18 0 0.10473525
19 0 0.10733416
20 0 0.110364966
20 1 0.11296486
19 1 0.11604108
18 1 0.119040884
17 1 0.12126772
16 1 0.12284417
15 1 0.12368793
14 1 0.123934515
13 1 0.12382416
12 1 0.12327825
11 1 0.122628585
10 1 0.121985994
9 1 0.121265285
8 1 0.12065468
7 1 0.12011805
6 1 0.11968225
5 1 0.11922619
4 1 0.11879967
3 1 0.11834312
2 1 0.117743745
1 1 0.11714974
0 1 0.11656233
0 2 0.11619196
1 2 0.115924135
2 2 0.11554718
3 2 0.11506157
4 2 0.11468242
5 2 0.11423588
6 2 0.11368826
7 2 0.11341458
8 2 0.11319729
9 2 0.11303518
10 2 0.11298171
11 2 0.11308327
12 2 0.11350906
13 2 0.11406473
14 2 0.114769824
15 2 0.11580011
16 2 0.11685994
17 2 0.11816245
18 2 0.11938513
19 2 0.12068666
20 2 0.1221049
20 3 0.12296892
19 3 0.12432954
18 3 0.1255715
17 3 0.12636545
16 3 0.12664573
15 3 0.1263657
14 3 0.12567575
13 3 0.12472359
12 3 0.12361688
11 3 0.12251652
10 3 0.12151114
9 3 0.12050526
8 3 0.119695194
7 3 0.11878111
6 3 0.11793442
5 3 0.11727816
4 3 0.11666658
3 3 0.11597834
2 3 0.115159236
1 3 0.11431303
0 3 0.11342288
0 4 0.11266432
1 4 0.11201245
2 4 0.11132079
3 4 0.1106743
4 4 0.11000608
5 4 0.10925997
6 4 0.10841865
7 4 0.107434504
8 4 0.106505044
9 4 0.10593253
10 4 0.10558975
11 4 0.105522856
12 4 0.105835356
13 4 0.10615616
14 4 0.1065529
15 4 0.10714641
16 4 0.10807221
17 4 0.10918819
18 4 0.110596664
19 4 0.1122461
20 4 0.11405497
20 5 0.11511651
19 5 0.117027916
18 5 0.118698835
17 5 0.11992029
16 5 0.12050428
15 5 0.120516
14 5 0.12000452
13 5 0.11901696
12 5 0.11791147
11 5 0.11723275
10 5 0.1171158
9 5 0.11734896
8 5 0.11753378
7 5 0.11715902
6 5 0.11640657
5 5 0.11549468
4 5 0.11444877
3 5 0.11374637
2 5 0.113266625
1 5 0.11293654
0 5 0.11257204
0 6 0.112215586
1 6 0.111988775
2 6 0.11185352
3 6 0.11164697
4 6 0.11141406
5 6 0.11106591
6 6 0.1104575
7 6 0.110151835
8 6 0.111910895
9 6 0.11522588
10 6 0.11909069
11 6 0.12254631
12 6 0.1244333
13 6 0.124420606
14 6 0.12327142
15 6 0.121222556
16 6 0.11920397
17 6 0.117934175
18 6 0.117420495
19 6 0.11783457
20 6 0.11885094
20 7 0.119348995
19 7 0.12031458
18 7 0.12137613
17 7 0.121984534
16 7 0.12197599
15 7 0.12134072
14 7 0.120190315
13 7 0.11975696
12 7 0.122664474
11 7 0.12891115
10 7 0.13591956
9 7 0.14188449
8 7 0.1459075
7 7 0.1473272
6 7 0.1450569
5 7 0.13945526
4 7 0.13037309
3 7 0.120988175
2 7 0.11259254
1 7 0.106193274
0 7 0.10168881
0 8 0.099011034
1 8 0.09759012
2 8 0.096323736
3 8 0.09540503
4 8 0.094692856
5 8 0.09410764
6 8 0.096270025
7 8 0.10567422
8 8 0.11995911
9 8 0.13234821
10 8 0.14121823
11 8 0.14683501
12 8 0.14941733
13 8 0.14893392
14 8 0.1458787
15 8 0.14064033
16 8 0.13334383
17 8 0.12526046
18 8 0.11751254
19 8 0.11111742
20 8 0.106622726
20 9 0.10444349
19 9 0.102688335
18 9 0.10184994
17 9 0.101728365
16 9 0.10167343
15 9 0.102065034
14 9 0.105818756
13 9 0.11675032
12 9 0.13148077
11 9 0.14483766
10 9 0.15624335
9 9 0.16388728
8 9 0.16931826
7 9 0.17154169
6 9 0.16965933
5 9 0.16377398
4 9 0.15379557
3 9 0.14139327
2 9 0.12831837
1 9 0.11606354
0 9 0.10754559
0 10 0.10261339
1 10 0.09992365
2 10 0.09781156
3 10 0.0962461
4 10 0.09527929
5 10 0.09504369
6 10 0.09932867
7 10 0.11303249
8 10 0.13143463
9 10 0.14459719
10 10 0.1538942
11 10 0.15966308
12 10 0.1625772
13 10 0.16236527
14 10 0.15973999
15 10 0.15498479
16 10 0.14823787
17 10 0.13939886
18 10 0.13072173
19 10 0.12271233
20 10 0.11605134
20 11 0.11284987
19 11 0.10906734
18 11 0.10660393
17 11 0.10560806
16 11 0.10548379
15 11 0.10776068
14 11 0.11548492
13 11 0.12841822
12 11 0.14244725
11 11 0.1543427
10 11 0.16328081
9 11 0.16962881
8 11 0.17361203
7 11 0.17463353
6 11 0.17189203
5 11 0.16560727
4 11 0.15473747
3 11 0.14239573
2 11 0.13011478
1 11 0.11975696
0 11 0.11212427
0 12 0.10768646
1 12 0.10524893
2 12 0.1030631
3 12 0.101336025
4 12 0.10017365
5 12 0.099457085
6 12 0.1015079
7 12 0.11129223
8 12 0.12608835
9 12 0.13968183
10 12 0.15017758
11 12 0.15708663
12 12 0.1609136
13 12 0.16045411
14 12 0.15754318
15 12 0.15290298
16 12 0.1467039
17 12 0.13979633
18 12 0.13287044
19 12 0.12651975
20 12 0.121332176
20 13 0.11893883
19 13 0.11588532
18 13 0.11418729
17 13 0.11353982
16 13 0.11370462
15 13 0.11494512
14 13 0.1192445
13 13 0.12787646
12 13 0.13877776
11 13 0.14931381
10 13 0.15844236
9 13 0.16404109
8 13 0.16680016
7 13 0.16677892
6 13 0.16346784
5 13 0.15723091
4 13 0.14790583
3 13 0.13689516
2 13 0.12603904
1 13 0.11686141
0 13 0.11017527
0 14 0.105898105
1 14 0.1037323
2 14 0.10193442
3 14 0.100470774
4 14 0.0992315
5 14 0.098190226
6 14 0.09796048
7 14 0.10153769
8 14 0.111148916
9 14 0.12434736
10 14 0.1347799
11 14 0.1419553
12 14 0.14548196
13 14 0.14558303
14 14 0.1430454
15 14 0.1391198
16 14 0.1340416
17 14 0.12861598
18 14 0.123094656
19 14 0.118834585
20 14 0.11575885
20 15 0.114415325
19 15 0.11323269
18 15 0.11283986
17 15 0.11303957
16 15 0.11345852
15 15 0.11406473
14 15 0.115306206
13 15 0.11908654
12 15 0.12516524
11 15 0.13221247
10 15 0.1387094
9 15 0.14338452
8 15 0.14552712
7 15 0.14485525
6 15 0.14107345
5 15 0.13484874
4 15 0.12609836
3 15 0.11800327
2 15 0.1114978
1 15 0.10697161
0 15 0.104050174
0 16 0.102318704
1 16 0.101180255
2 16 0.100160226
3 16 0.09921685
4 16 0.09836528
5 16 0.09751223
6 16 0.09678664
7 16 0.09659987
8 16 0.09816947
9 16 0.102631696
10 16 0.108873494
11 16 0.11464189
12 16 0.118367776
13 16 0.119699344
14 16 0.11890538
15 16 0.11674202
16 16 0.114076205
17 16 0.11146191
18 16 0.109363735
19 16 0.107863225
20 16 0.10721868
20 17 0.10699895
19 17 0.10724041
18 17 0.11397293
17 17 0.112311535
16 17 0.11176319
15 17 0.11163183
14 17 0.11159399
13 17 0.11174732
12 17 0.11247755
11 17 0.11409012
10 17 0.11620026
9 17 0.117821135
8 17 0.117964454
7 17 0.11620832
6 17 0.11306643
5 17 0.10951705
4 17 0.10641471
3 17 0.1041366
2 17 0.10274571
1 17 0.10178525
0 17 0.101101644
0 18 0.1002945
1 18 0.09967364
2 18 0.09901592
3 18 0.09844291
4 18 0.09791629
5 18 0.09733938
6 18 0.09665041
7 18 0.096010745
8 18 0.09565186
9 18 0.0956023
10 18 0.09606983
11 18 0.09704275
12 18 0.09827299
13 18 0.099327445
14 18 0.10000324
15 18 0.10043977
16 18 0.10071663
17 18 0.100993246
18 18 0.10131088
19 18 0.10181015
20 18 0.10251182
20 19 0.102870226
19 19 0.10360168
18 19 0.10471791
17 19 0.10590055
16 19 0.10692839
15 19 0.107657894
14 19 0.10803803
13 19 0.108107366
12 19 0.1078266
11 19 0.10765936
10 19 0.10736468
9 19 0.10676701
8 19 0.105603665
7 19 0.10406507
6 19 0.10238731
5 19 0.10086165
4 19 0.09965094
3 19 0.09875664
2 19 0.09821
1 19 0.09766336
0 19 0.097247094
0 20 0.09672804
1 20 0.09619922
2 20 0.09573364
3 20 0.095362544
4 20 0.09495116
5 20 0.09459129
6 20 0.09408518
7 20 0.09372336
8 20 0.093519986
9 20 0.09343698
10 20 0.093498014
11 20 0.09369137
12 20 0.09396433
13 20 0.09442918
14 20 0.095088124
15 20 0.09597242
16 20 0.096960224
17 20 0.09816874
18 20 0.09936358
19 20 0.10066951
20 20 0.10206699
