0 0 0.11332156
1 0 0.11356057
2 0 0.11369241
3 0 0.113680206
4 0 0.11381155
5 0 0.11383255
6 0 0.11390042
7 0 0.11414603
8 0 0.1143599
9 0 0.11460063
10 0 0.11489751
11 0 0.11528057
12 0 0.115896545
13 0 0.116649486
14 0 0.11767514
15 0 0.11858751
16 0 0.11969812
17 0 0.12077675
18 0 0.12218204
19 0 0.12353143
20 0 0.12513547
0 1 0.12511325
1 1 0.12432173
2 1 0.123502865
3 1 0.122944504
4 1 0.12253654
5 1 0.12221183
6 1 0.12196817
7 1 0.12177677
8 1 0.121659085
9 1 0.12186979
10 1 0.12228483
11 1 0.122843675
12 1 0.123398125
13 1 0.12409614
14 1 0.124986045
15 1 0.1257529
16 1 0.12635936
17 1 0.12688182
18 1 0.128897
19 1 0.12817042
20 1 0.13092485
0 2 0.12433003
1 2 0.1228134
2 2 0.12144156
3 2 0.120060675
4 2 0.11901134
5 2 0.118102394
6 2 0.11716439
7 2 0.11623713
8 2 0.115487605
9 2 0.11489336
10 2 0.11455082
11 2 0.11449076
12 2 0.11455107
13 2 0.11469975
14 2 0.11502373
15 2 0.1156004
16 2 0.116330884
17 2 0.11729818
18 2 0.11844883
19 2 0.11966248
20 2 0.120955706
0 3 0.11980945
1 3 0.11930187
2 3 0.11853428
3 3 0.11820152
4 3 0.1179354
5 3 0.11788388
6 3 0.1177291
7 3 0.11750912
8 3 0.117282555
9 3 0.117237635
10 3 0.117278405
11 3 0.11750839
12 3 0.11789926
13 3 0.11850572
14 3 0.11913488
15 3 0.119777955
16 3 0.120460585
17 3 0.12123574
18 3 0.12222502
19 3 0.12324627
20 3 0.12446089
0 4 0.11962317
1 4 0.11879137
2 4 0.11780063
3 4 0.1172723
4 4 0.116699785
5 4 0.11622785
6 4 0.11565118
7 4 0.115006156
8 4 0.11453178
9 4 0.11427372
10 4 0.11430546
11 4 0.114675336
12 4 0.115273245
13 4 0.116077214
14 4 0.11723129
15 4 0.11861656
16 4 0.12027015
17 4 0.12217863
18 4 0.12410981
19 4 0.12630051
20 4 0.12803711
0 5 0.12666477
1 5 0.12603049
2 5 0.1255439
3 5 0.12519991
4 5 0.12472505
5 5 0.124559276
6 5 0.12412324
7 5 0.12362176
8 5 0.123197444
9 5 0.12319085
10 5 0.123247005
11 5 0.12359149
12 5 0.12387665
13 5 0.1242707
14 5 0.12465767
15 5 0.125019
16 5 0.1253862
17 5 0.12610105
18 5 0.12663743
19 5 0.12727612
20 5 0.12775269
0 6 0.11990979
1 6 0.11883409
2 6 0.117884375
3 6 0.117170006
4 6 0.116223946
5 6 0.11569977
6 6 0.11499077
7 6 0.11431865
8 6 0.11436552
9 6 0.115437314
10 6 0.11714828
11 6 0.11871763
12 6 0.119573854
13 6 0.11948034
14 6 0.118890494
15 6 0.1181688
16 6 0.11784189
17 6 0.118171
18 6 0.11891295
19 6 0.12016297
20 6 0.121707186
0 7 0.11939758
1 7 0.118786
2 7 0.11823496
3 7 0.11794639
4 7 0.11781918
5 7 0.11763046
6 7 0.11743002
7 7 0.11836436
8 7 0.12162784
9 7 0.1263552
10 7 0.13099444
11 7 0.13470201
12 7 0.13604578
13 7 0.13557239
14 7 0.13388047
15 7 0.13159992
16 7 0.12944826
17 7 0.12800318
18 7 0.12746508
19 7 0.12772608
20 7 0.1284944
0 8 0.12118423
1 8 0.1200763
2 8 0.119175896
3 8 0.11843565
4 8 0.1178602
5 8 0.11749472
6 8 0.11792197
7 8 0.12157046
8 8 0.12870118
9 8 0.13588391
10 8 0.14211985
11 8 0.14589213
12 8 0.14736822
13 8 0.14657035
14 8 0.14398389
15 8 0.14019452
16 8 0.13565515
17 8 0.13116314
18 8 0.12818116
19 8 0.1264851
20 8 0.12583762
0 9 0.12090322
1 9 0.12033217
2 9 0.11983191
3 9 0.11953625
4 9 0.11955554
5 9 0.11979212
6 9 0.12154434
7 9 0.12739453
8 9 0.1363346
9 9 0.14473341
10 9 0.15111974
11 9 0.15524115
12 9 0.15749484
13 9 0.15684761
14 9 0.15437418
15 9 0.15035483
16 9 0.14509842
17 9 0.1399892
18 9 0.13552257
19 9 0.13232185
20 9 0.13036846
0 10 0.11809165
1 10 0.116599925
2 10 0.115326956
3 10 0.114232704
4 10 0.11341091
5 10 0.113163844
6 10 0.11554523
7 10 0.12390888
8 10 0.13548693
9 10 0.1456409
10 10 0.15397428
11 10 0.15847532
12 10 0.16038209
13 10 0.15969239
14 10 0.1569958
15 10 0.15260267
16 10 0.14660478
17 10 0.13977948
18 10 0.13309774
19 10 0.12708545
20 10 0.12287761
0 11 0.11085448
1 11 0.10961276
2 11 0.10850093
3 11 0.107665464
4 11 0.10716692
5 11 0.10749139
6 11 0.1121504
7 11 0.123131275
8 11 0.1361637
9 11 0.14707036
10 11 0.15493865
11 11 0.15988916
12 11 0.16195536
13 11 0.16124709
14 11 0.15861888
15 11 0.15416886
16 11 0.14849983
17 11 0.14128292
18 11 0.13431309
19 11 0.12808643
20 11 0.123005785
0 12 0.10934152
1 12 0.108041205
2 12 0.10692302
3 12 0.10613541
4 12 0.10558975
5 12 0.105677396
6 12 0.108696
7 12 0.11789096
8 12 0.1304788
9 12 0.14194016
10 12 0.1507379
11 12 0.1562812
12 12 0.15895897
13 12 0.15790549
14 12 0.15479681
15 12 0.15027305
16 12 0.14438698
17 12 0.13795914
18 12 0.13182673
19 12 0.12654637
20 12 0.12264641
0 13 0.11313674
1 13 0.11194019
2 13 0.11093358
3 13 0.11008469
4 13 0.109546594
5 13 0.109291464
6 13 0.11036448
7 13 0.11550665
8 13 0.12504098
9 13 0.13543518
10 13 0.14496438
11 13 0.15080138
12 13 0.15340322
13 13 0.15273353
14 13 0.15003842
15 13 0.14591679
16 13 0.14091426
17 13 0.13581726
18 13 0.1313875
19 13 0.12785962
20 13 0.1255654
0 14 0.11627863
1 14 0.115018114
2 14 0.11399686
3 14 0.11313723
4 14 0.11240992
5 14 0.111915775
6 14 0.11195606
7 14 0.1149041
8 14 0.1217709
9 14 0.13039945
10 14 0.13843961
11 14 0.14397389
12 14 0.14670855
13 14 0.1462708
14 14 0.14400098
15 14 0.14069429
16 14 0.1367516
17 14 0.13262703
18 14 0.12938114
19 14 0.1268369
20 14 0.12510103
0 15 0.11475566
1 15 0.113293484
2 15 0.11179834
3 15 0.110586405
4 15 0.10955856
5 15 0.10879659
6 15 0.108323924
7 15 0.10921505
8 15 0.113048114
9 15 0.11950573
10 15 0.12638792
11 15 0.13175617
12 15 0.13482457
13 15 0.13503674
14 15 0.13329989
15 15 0.13040288
16 15 0.12706615
17 15 0.123875186
18 15 0.12113271
19 15 0.11913317
20 15 0.1179205
0 16 0.110060036
1 16 0.10890621
2 16 0.10790619
3 16 0.107019946
4 16 0.10637858
5 16 0.105757475
6 16 0.1052228
7 16 0.10528579
8 16 0.106763355
9 16 0.11024192
10 16 0.115440734
11 16 0.11985291
12 16 0.12260539
13 16 0.12338299
14 16 0.12287077
15 16 0.12169742
16 16 0.120327525
17 16 0.11923229
18 16 0.11857799
19 16 0.11856114
20 16 0.11886559
0 17 0.114090614
1 17 0.11261036
2 17 0.11124511
3 17 0.11021311
4 17 0.109423794
5 17 0.10882808
6 17 0.1083979
7 17 0.108181834
8 17 0.10838154
9 17 0.109285854
10 17 0.11111132
11 17 0.1134053
12 17 0.11536822
13 17 0.116830155
14 17 0.11743393
15 17 0.11778208
16 17 0.11797568
17 17 0.11820396
18 17 0.11846812
19 17 0.119008414
20 17 0.11972522
0 18 0.114252724
1 18 0.112777606
2 18 0.11150122
3 18 0.110360816
4 18 0.10964133
5 18 0.10912374
6 18 0.10875533
7 18 0.108595654
8 18 0.108578324
9 18 0.10888424
10 18 0.10949997
11 18 0.11063011
12 18 0.11204419
13 18 0.11338137
14 18 0.11445805
15 18 0.11542828
16 18 0.11626496
17 18 0.117179036
18 18 0.11808188
19 18 0.11910412
20 18 0.12029114
0 19 0.11596662
1 19 0.11453056
2 19 0.11329568
3 19 0.112363294
4 19 0.11163867
5 19 0.111034416
6 19 0.110524155
7 19 0.11021092
8 19 0.109988496
9 19 0.11017307
10 19 0.110289775
11 19 0.11084569
12 19 0.11150708
13 19 0.1122024
14 19 0.1130093
15 19 0.113812044
16 19 0.11470781
17 19 0.11567438
18 19 0.11665266
19 19 0.11762436
20 19 0.11849766
0 20 0.11429911
1 20 0.113052025
2 20 0.11192285
3 20 0.11105297
4 20 0.1103325
5 20 0.10973386
6 20 0.109364465
7 20 0.10922408
8 20 0.1091567
9 20 0.109381065
10 20 0.10962814
11 20 0.11005442
12 20 0.11058885
13 20 0.11133691
14 20 0.11226026
15 20 0.11341506
16 20 0.11457695
17 20 0.115854554
18 20 0.11722201
19 20 0.118508406
20 20 0.119809695
