0 0 -0.28706738
1 0 -0.28739673
2 0 -0.28844193
3 0 -0.29035455
4 0 -0.28233585
5 0 -0.2821486
6 0 -0.2817753
7 0 -0.28228995
8 0 -0.27791637
9 0 -0.27031955
10 0 -0.2728235
11 0 -0.28176627
12 0 -0.28439522
13 0 -0.28555515
14 0 -0.28271478
15 0 -0.28257513
16 0 -0.2822348
17 0 -0.2804147
18 0 -0.28031483
19 0 -0.2797777
20 0 -0.27881092
21 0 -0.28064442
22 0 -0.27981654
23 0 -0.28100723
24 0 -0.28238812
25 0 -0.28216618
26 0 -0.28233537
27 0 -0.28077382
28 0 -0.27838805
29 0 -0.27586848
30 0 -0.2707744
31 0 -0.26550505
32 0 -0.25986603
33 0 -0.2548767
34 0 -0.24935587
35 0 -0.2442967
36 0 -0.24006154
37 0 -0.23691866
38 0 -0.23305923
39 0 -0.2303646
40 0 -0.22721222
41 0 -0.22746173
42 0 -0.2240857
43 0 -0.22175047
44 0 -0.22252953
45 0 -0.21983027
46 0 -0.21858245
47 0 -0.21827874
48 0 -0.21532312
49 0 -0.21309578
50 0 -0.21369077
51 0 -0.21421519
52 0 -0.21287167
53 0 -0.21288338
54 0 -0.21292806
55 0 -0.21138239
56 0 -0.21142828
57 0 -0.2129664
58 0 -0.21132013
59 0 -0.21126251
60 0 -0.21483605
60 1 -0.21234357
59 1 -0.21336484
58 1 -0.21238777
57 1 -0.21142218
56 1 -0.2115196
55 1 -0.2128033
54 1 -0.21424474
53 1 -0.21377403
52 1 -0.21357138
51 1 -0.21616663
50 1 -0.2198808
49 1 -0.22411256
48 1 -0.22650567
47 1 -0.228535
46 1 -0.2281656
45 1 -0.22762945
44 1 -0.22586356
43 1 -0.22424024
42 1 -0.22175999
41 1 -0.22054268
40 1 -0.21890081
39 1 -0.21973236
38 1 -0.21967915
37 1 -0.21985883
36 1 -0.22066402
35 1 -0.22070308
34 1 -0.22220066
33 1 -0.22574662
32 1 -0.2273985
31 1 -0.22956894
30 1 -0.23049718
29 1 -0.23426335
28 1 -0.23657589
27 1 -0.23774143
26 1 -0.23849267
25 1 -0.24451791
24 1 -0.247026
23 1 -0.25098944
22 1 -0.2530388
21 1 -0.24885245
20 1 -0.24874282
19 1 -0.24960782
18 1 -0.25153655
17 1 -0.25290376
16 1 -0.25480565
15 1 -0.2571851
14 1 -0.26004866
13 1 -0.26209873
12 1 -0.2641857
11 1 -0.26620597
10 1 -0.26766157
9 1 -0.26912692
8 1 -0.26898336
7 1 -0.26949412
6 1 -0.27718198
5 1 -0.27351835
4 1 -0.28602147
3 1 -0.2863171
2 1 -0.3132172
1 1 -0.31285048
0 1 -0.31127015
0 2 -0.31280848
1 2 -0.31426263
2 2 -0.31391153
3 2 -0.31360978
4 2 -0.31045958
5 2 -0.3120365
6 2 -0.31207925
7 2 -0.31183705
8 2 -0.31013244
9 2 -0.30878597
10 2 -0.30825618
11 2 -0.31226993
12 2 -0.31298307
13 2 -0.31544355
14 2 -0.3102201
15 2 -0.3124623
16 2 -0.31164196
17 2 -0.31193933
18 2 -0.30909947
19 2 -0.3080318
20 2 -0.30896664
21 2 -0.30790412
22 2 -0.30617192
23 2 -0.30624613
24 2 -0.30312696
25 2 -0.30235448
26 2 -0.3022273
27 2 -0.30181468
28 2 -0.30349806
29 2 -0.3009033
30 2 -0.30038986
31 2 -0.29707998
32 2 -0.29589027
33 2 -0.29204574
34 2 -0.2898777
35 2 -0.28844386
36 2 -0.28731763
37 2 -0.2955702
38 2 -0.29743594
39 2 -0.29343858
40 2 -0.29034525
41 2 -0.2888096
42 2 -0.29160944
43 2 -0.28586715
44 2 -0.28473848
45 2 -0.28102943
46 2 -0.27408746
47 2 -0.26920578
48 2 -0.26352382
49 2 -0.25725517
50 2 -0.25317234
51 2 -0.25539014
52 2 -0.25823882
53 2 -0.25219476
54 2 -0.2499152
55 2 -0.24596275
56 2 -0.24394685
57 2 -0.24337262
58 2 -0.24256182
59 2 -0.24167386
60 2 -0.24224418
60 3 -0.24008594
59 3 -0.23946363
58 3 -0.24244732
57 3 -0.2459332
56 3 -0.24623936
55 3 -0.24279204
54 3 -0.23538373
53 3 -0.23430705
52 3 -0.250758
51 3 -0.24199297
50 3 -0.23979835
49 3 -0.24407038
48 3 -0.2441783
47 3 -0.24390338
46 3 -0.249913
45 3 -0.25197822
44 3 -0.25432077
43 3 -0.25320503
42 3 -0.2530356
41 3 -0.25251022
40 3 -0.2538464
39 3 -0.2631173
38 3 -0.26150912
37 3 -0.26066634
36 3 -0.25691944
35 3 -0.26206896
34 3 -0.2593211
33 3 -0.2627091
32 3 -0.25749075
31 3 -0.25817215
30 3 -0.2553308
29 3 -0.25549316
28 3 -0.2556946
27 3 -0.2568279
26 3 -0.25483787
25 3 -0.25685355
24 3 -0.26085725
23 3 -0.25848004
22 3 -0.26118758
21 3 -0.26233727
20 3 -0.26168978
19 3 -0.26333705
18 3 -0.2662924
17 3 -0.26905733
16 3 -0.27154762
15 3 -0.27295658
14 3 -0.27470392
13 3 -0.27755576
12 3 -0.27311698
11 3 -0.27474883
10 3 -0.2735247
9 3 -0.2740252
8 3 -0.27468854
7 3 -0.27181056
6 3 -0.27317435
5 3 -0.27300614
4 3 -0.28631103
3 3 -0.2840478
2 3 -0.28219816
1 3 -0.28204998
0 3 -0.2830307
0 4 -0.28194597
1 4 -0.28455636
2 4 -0.28461787
3 4 -0.2852263
4 4 -0.28374043
5 4 -0.28381905
6 4 -0.28283173
7 4 -0.280328
8 4 -0.27819592
9 4 -0.28090176
10 4 -0.2803302
11 4 -0.27569097
12 4 -0.27770713
13 4 -0.28017542
14 4 -0.2821596
15 4 -0.27553108
16 4 -0.27708235
17 4 -0.27972963
18 4 -0.28276166
19 4 -0.27777255
20 4 -0.2781251
21 4 -0.2748897
22 4 -0.27345
23 4 -0.27285427
24 4 -0.27275783
25 4 -0.27241847
26 4 -0.27072093
27 4 -0.2654318
28 4 -0.26457584
29 4 -0.2606014
30 4 -0.25695875
31 4 -0.25473192
32 4 -0.25468016
33 4 -0.25457957
34 4 -0.25449315
35 4 -0.24896474
36 4 -0.24654698
37 4 -0.24626598
38 4 -0.24726965
39 4 -0.24674596
40 4 -0.24590147
41 4 -0.24416828
42 4 -0.24335626
43 4 -0.2408948
44 4 -0.23917235
45 4 -0.23878002
46 4 -0.24133548
47 4 -0.23988062
48 4 -0.23759055
49 4 -0.24119754
50 4 -0.24029347
51 4 -0.23954225
52 4 -0.23691426
53 4 -0.23298696
54 4 -0.23155189
55 4 -0.2312445
56 4 -0.23246059
57 4 -0.23034385
58 4 -0.22751056
59 4 -0.22576395
60 4 -0.22502883
60 5 -0.22524294
59 5 -0.22090158
58 5 -0.21595618
57 5 -0.21342221
56 5 -0.21270564
55 5 -0.21124932
54 5 -0.21135211
53 5 -0.2102393
52 5 -0.21081622
51 5 -0.21131207
50 5 -0.21044292
49 5 -0.2104002
48 5 -0.20960696
47 5 -0.20834938
46 5 -0.20903005
45 5 -0.20864552
44 5 -0.20710424
43 5 -0.20989189
42 5 -0.20821363
41 5 -0.20863967
40 5 -0.20877077
39 5 -0.20883425
38 5 -0.20604417
37 5 -0.20433588
36 5 -0.20546384
35 5 -0.20434077
34 5 -0.20205656
33 5 -0.20083241
32 5 -0.20089541
31 5 -0.20078506
30 5 -0.20121378
29 5 -0.20074697
28 5 -0.20029579
27 5 -0.20060512
26 5 -0.20214738
25 5 -0.20234782
24 5 -0.20216349
23 5 -0.20289592
22 5 -0.20343646
21 5 -0.20483664
20 5 -0.20549265
19 5 -0.20616429
18 5 -0.20831813
17 5 -0.21084234
16 5 -0.21325424
15 5 -0.2161769
14 5 -0.2185734
13 5 -0.22074947
12 5 -0.22195067
11 5 -0.22288427
10 5 -0.22467995
9 5 -0.2252156
8 5 -0.22493118
7 5 -0.23099254
6 5 -0.233131
5 5 -0.23309438
4 5 -0.2323041
3 5 -0.23268911
2 5 -0.23406681
1 5 -0.30505934
0 5 -0.31136635
0 6 -0.29349154
1 6 -0.2874121
2 6 -0.28440034
3 6 -0.28218743
4 6 -0.29139093
5 6 -0.291629
6 6 -0.27928087
7 6 -0.2771998
8 6 -0.28354266
9 6 -0.27532527
10 6 -0.27036792
11 6 -0.26651898
12 6 -0.26357728
13 6 -0.2624
14 6 -0.2589583
15 6 -0.2565364
16 6 -0.25401244
17 6 -0.25185102
18 6 -0.24962589
19 6 -0.24921402
20 6 -0.24576254
21 6 -0.24317536
22 6 -0.24099685
23 6 -0.23814939
24 6 -0.23391154
25 6 -0.23044811
26 6 -0.22632182
27 6 -0.22381909
28 6 -0.22177756
29 6 -0.21862957
30 6 -0.21576722
31 6 -0.21388437
32 6 -0.21294735
33 6 -0.20853004
34 6 -0.2067683
35 6 -0.2044023
36 6 -0.20351703
37 6 -0.20225748
38 6 -0.19981311
39 6 -0.1974996
40 6 -0.19575958
41 6 -0.19427201
42 6 -0.19361088
43 6 -0.1927947
44 6 -0.19014329
45 6 -0.187351
46 6 -0.18386756
47 6 -0.18113339
48 6 -0.17823075
49 6 -0.17655055
50 6 -0.17505956
51 6 -0.17241475
52 6 -0.17110443
53 6 -0.16988395
54 6 -0.16823769
55 6 -0.168412
56 6 -0.16900697
57 6 -0.16992886
58 6 -0.17064641
59 6 -0.17184076
60 6 -0.1747556
60 7 -0.17491283
59 7 -0.17443211
58 7 -0.17382151
57 7 -0.17274581
56 7 -0.17137787
55 7 -0.17005485
54 7 -0.16848841
53 7 -0.16685338
52 7 -0.16487703
51 7 -0.16293755
50 7 -0.1637176
49 7 -0.16547251
48 7 -0.16516219
47 7 -0.1623731
46 7 -0.15978564
45 7 -0.15708956
44 7 -0.15559198
43 7 -0.15497991
42 7 -0.15481706
41 7 -0.1538234
40 7 -0.1536581
39 7 -0.1546757
38 7 -0.15627387
37 7 -0.15934424
36 7 -0.16028468
35 7 -0.16115408
34 7 -0.16136941
33 7 -0.16102785
32 7 -0.16054665
31 7 -0.16016579
30 7 -0.1602383
29 7 -0.1601194
28 7 -0.16039918
27 7 -0.16025196
26 7 -0.1593142
25 7 -0.15894409
24 7 -0.15862963
23 7 -0.15902196
22 7 -0.159093
21 7 -0.15923071
20 7 -0.16015162
19 7 -0.16232279
18 7 -0.16457796
17 7 -0.16716857
16 7 -0.17392136
15 7 -0.17441429
14 7 -0.1735693
13 7 -0.17793827
12 7 -0.17972882
11 7 -0.18298815
10 7 -0.18114486
9 7 -0.18108945
8 7 -0.18117635
7 7 -0.18086703
6 7 -0.18105526
5 7 -0.18038484
4 7 -0.1810577
3 7 -0.18114144
2 7 -0.18150277
1 7 -0.18170102
0 7 -0.18199375
0 8 -0.18148862
1 8 -0.1799024
2 8 -0.1787857
3 8 -0.17725466
4 8 -0.17627907
5 8 -0.17793265
6 8 -0.17875175
7 8 -0.17901495
8 8 -0.17880961
9 8 -0.17870854
10 8 -0.17896196
11 8 -0.17963532
12 8 -0.18027449
13 8 -0.18080452
14 8 -0.18169467
15 8 -0.18243882
16 8 -0.18258019
17 8 -0.18285461
18 8 -0.18323962
19 8 -0.18153867
20 8 -0.17958942
21 8 -0.17696169
22 8 -0.17452294
23 8 -0.17213984
24 8 -0.16967423
25 8 -0.16695982
26 8 -0.1648016
27 8 -0.16205156
28 8 -0.15910302
29 8 -0.15684932
30 8 -0.15363199
31 8 -0.1517599
32 8 -0.15058531
33 8 -0.14997593
34 8 -0.14940146
35 8 -0.149483
36 8 -0.14984727
37 8 -0.15093419
38 8 -0.15028355
39 8 -0.14855525
40 8 -0.14650396
41 8 -0.14372143
42 8 -0.14072213
43 8 -0.13681069
44 8 -0.13511047
45 8 -0.13485265
46 8 -0.13283992
47 8 -0.1305877
48 8 -0.12804835
49 8 -0.12659788
50 8 -0.12613182
51 8 -0.12601267
52 8 -0.124917686
53 8 -0.12405121
54 8 -0.12478706
55 8 -0.12604612
56 8 -0.12852882
57 8 -0.13264216
58 8 -0.13817252
59 8 -0.14396729
60 8 -0.14922225
60 9 -0.1534103
59 9 -0.1565478
58 9 -0.15758298
57 9 -0.15703878
56 9 -0.15580781
55 9 -0.15417351
54 9 -0.15175696
53 9 -0.14881429
52 9 -0.14469948
51 9 -0.13874187
50 9 -0.13420811
49 9 -0.13061284
48 9 -0.12598631
47 9 -0.12102016
46 9 -0.11749252
45 9 -0.11745077
44 9 -0.1185045
43 9 -0.11935339
42 9 -0.11864757
41 9 -0.118099704
40 9 -0.11781064
39 9 -0.118589215
38 9 -0.120763324
37 9 -0.12459908
36 9 -0.12718187
35 9 -0.12965164
34 9 -0.1308477
33 9 -0.13126592
32 9 -0.13112041
31 9 -0.13128228
30 9 -0.13148785
29 9 -0.13350302
28 9 -0.13316952
27 9 -0.13332699
26 9 -0.13276254
25 9 -0.13453697
24 9 -0.13562708
23 9 -0.13579309
22 9 -0.13587537
21 9 -0.13586682
20 9 -0.13626479
19 9 -0.13786002
18 9 -0.1401711
17 9 -0.1425825
16 9 -0.1447444
15 9 -0.14812605
14 9 -0.15127698
13 9 -0.15493254
12 9 -0.15832493
11 9 -0.1577761
10 9 -0.1584116
9 9 -0.15990748
8 9 -0.16150124
7 9 -0.16143045
6 9 -0.16079836
5 9 -0.16048439
4 9 -0.16061941
3 9 -0.16111062
2 9 -0.16054519
1 9 -0.16050148
0 9 -0.1602217
0 10 -0.15955664
1 10 -0.15769748
2 10 -0.15553705
3 10 -0.15340762
4 10 -0.1524728
5 10 -0.1542946
6 10 -0.15518963
7 10 -0.15554266
8 10 -0.15590228
9 10 -0.15749118
10 10 -0.15831077
11 10 -0.15940893
12 10 -0.1600674
13 10 -0.1605879
14 10 -0.1608738
15 10 -0.16155155
16 10 -0.16207157
17 10 -0.1624561
18 10 -0.16252153
19 10 -0.162658
20 10 -0.16037843
21 10 -0.15729465
22 10 -0.15499407
23 10 -0.15307094
24 10 -0.15109996
25 10 -0.14966586
26 10 -0.14826009
27 10 -0.14658208
28 10 -0.14403711
29 10 -0.14212205
30 10 -0.14034419
31 10 -0.13876042
32 10 -0.13766202
33 10 -0.13648768
34 10 -0.13538122
35 10 -0.13506676
36 10 -0.13591956
37 10 -0.13575451
38 10 -0.13513365
39 10 -0.13519494
40 10 -0.13398692
41 10 -0.13039385
42 10 -0.12713231
43 10 -0.12548654
44 10 -0.12488375
45 10 -0.12363885
46 10 -0.12201725
47 10 -0.11953894
48 10 -0.116299145
49 10 -0.11385428
50 10 -0.11081053
51 10 -0.1081479
52 10 -0.10523867
53 10 -0.105776034
54 10 -0.08977408
55 10 -0.09426316
56 10 -0.09032267
57 10 -0.10300988
58 10 -0.114500046
59 10 -0.12574363
60 10 -0.1369037
60 11 -0.14946738
59 11 -0.1598855
58 11 -0.16820642
57 11 -0.15672775
56 11 -0.15552606
55 11 -0.1563017
54 11 -0.14417945
53 11 -0.13436754
52 11 -0.12689158
51 11 -0.12543648
50 11 -0.11822617
49 11 -0.11530035
48 11 -0.11183838
47 11 -0.10878707
46 11 -0.10599381
45 11 -0.10479335
44 11 -0.10907027
43 11 -0.10543521
42 11 -0.10782416
41 11 -0.10906759
40 11 -0.1092153
39 11 -0.11064793
38 11 -0.112528086
37 11 -0.11436552
36 11 -0.1155191
35 11 -0.11724838
34 11 -0.1168636
33 11 -0.12364642
32 11 -0.10762738
31 11 -0.11277516
30 11 -0.119629025
29 11 -0.13097173
28 11 -0.13080132
27 11 -0.1268728
26 11 -0.12844777
25 11 -0.13660145
24 11 -0.12873659
23 11 -0.12752979
22 11 -0.13461535
21 11 -0.1431787
20 11 -0.1309063
19 11 -0.13110358
18 11 -0.13076836
17 11 -0.1311087
16 11 -0.13415708
15 11 -0.13812247
14 11 -0.14259887
13 11 -0.14945248
12 11 -0.15400504
11 11 -0.15466374
10 11 -0.15624312
9 11 -0.15828538
8 11 -0.16058864
7 11 -0.16163798
6 11 -0.16201517
5 11 -0.16322467
4 11 -0.16509701
3 11 -0.16647935
2 11 -0.16647154
1 11 -0.16596104
0 11 -0.16651939
0 12 -0.1670487
1 12 -0.1666107
2 12 -0.16356939
3 12 -0.16135867
4 12 -0.15991016
5 12 -0.16046534
6 12 -0.15849827
7 12 -0.15762228
8 12 -0.15764157
9 12 -0.15841062
10 12 -0.15955102
11 12 -0.16222025
12 12 -0.16463777
13 12 -0.1620347
14 12 -0.1577131
15 12 -0.1610569
16 12 -0.16373639
17 12 -0.16392438
18 12 -0.16046998
19 12 -0.15778024
20 12 -0.15605414
21 12 -0.15416545
22 12 -0.15272304
23 12 -0.15107946
24 12 -0.14959359
25 12 -0.14760113
26 12 -0.14626981
27 12 -0.14494534
28 12 -0.14333105
29 12 -0.14352906
30 12 -0.1411296
31 12 -0.138361
32 12 -0.13622694
33 12 -0.13376792
34 12 -0.13149469
35 12 -0.12898122
36 12 -0.12639989
37 12 -0.124639116
38 12 -0.12100478
39 12 -0.11738827
40 12 -0.11533892
41 12 -0.113158226
42 12 -0.11141235
43 12 -0.11028367
44 12 -0.108987264
45 12 -0.10823457
46 12 -0.10751947
47 12 -0.10739276
48 12 -0.10534951
49 12 -0.10237339
50 12 -0.096916765
51 12 -0.093178675
52 12 -0.09068962
53 12 -0.089018695
54 12 -0.08968423
55 12 -0.08133596
56 12 -0.07870482
57 12 -0.08120022
58 12 -0.08832899
59 12 -0.100346506
60 12 -0.107823186
60 13 -0.11754428
59 13 -0.12004431
58 13 -0.12323821
57 13 -0.12423091
56 13 -0.12267033
55 13 -0.11850401
54 13 -0.11513213
53 13 -0.11300417
52 13 -0.11057445
51 13 -0.108903036
50 13 -0.10657561
49 13 -0.101972505
48 13 -0.097485624
47 13 -0.09199531
46 13 -0.08841419
45 13 -0.08598789
44 13 -0.08134524
43 13 -0.08160989
42 13 -0.0826602
41 13 -0.08337457
40 13 -0.083983704
39 13 -0.08541048
38 13 -0.08620273
37 13 -0.08750769
36 13 -0.09025382
35 13 -0.0930483
34 13 -0.09799002
33 13 -0.10333215
32 13 -0.106534585
31 13 -0.11054515
30 13 -0.11328762
29 13 -0.115673155
28 13 -0.118023045
27 13 -0.1179205
26 13 -0.11860313
25 13 -0.121481106
24 13 -0.12260588
23 13 -0.124288276
22 13 -0.12598166
21 13 -0.12661375
20 13 -0.12801905
19 13 -0.13014896
18 13 -0.13369419
17 13 -0.13753213
16 13 -0.1415903
15 13 -0.1458223
14 13 -0.15100597
13 13 -0.15604071
12 13 -0.15981837
11 13 -0.16327594
10 13 -0.16681969
9 13 -0.16741955
8 13 -0.16771838
7 13 -0.1681178
6 13 -0.16924892
5 13 -0.1695729
4 13 -0.17016642
3 13 -0.17144647
2 13 -0.17037126
1 13 -0.17102581
0 13 -0.17094988
0 14 -0.17056486
1 14 -0.17149603
2 14 -0.17224799
3 14 -0.17036515
4 14 -0.16407844
5 14 -0.16744983
6 14 -0.16530257
7 14 -0.16405183
8 14 -0.16401911
9 14 -0.16427864
10 14 -0.16545664
11 14 -0.16550033
12 14 -0.16518246
13 14 -0.16529086
14 14 -0.1658209
15 14 -0.1657308
16 14 -0.16239214
17 14 -0.16207255
18 14 -0.16156204
19 14 -0.16055495
20 14 -0.16014674
21 14 -0.15743747
22 14 -0.15425822
23 14 -0.15036216
24 14 -0.14713043
25 14 -0.14298876
26 14 -0.13790348
27 14 -0.13562512
28 14 -0.1325926
29 14 -0.13008769
30 14 -0.12816578
31 14 -0.1285066
32 14 -0.12749438
33 14 -0.12543209
34 14 -0.124283396
35 14 -0.1254736
36 14 -0.12474239
37 14 -0.12416108
38 14 -0.1246523
39 14 -0.1215187
40 14 -0.11972717
41 14 -0.11839292
42 14 -0.115700744
43 14 -0.1141536
44 14 -0.113052756
45 14 -0.11226563
46 14 -0.110200174
47 14 -0.10842158
48 14 -0.10768573
49 14 -0.10183994
50 14 -0.09772122
51 14 -0.09418577
52 14 -0.09098992
53 14 -0.09106755
54 14 -0.094450176
55 14 -0.0959978
56 14 -0.09873955
57 14 -0.10386414
58 14 -0.10964084
59 14 -0.1156629
60 14 -0.120526254
60 15 -0.12542135
59 15 -0.1283711
58 15 -0.13164386
57 15 -0.13312094
56 15 -0.13118169
55 15 -0.12949173
54 15 -0.12745288
53 15 -0.12577462
52 15 -0.12419672
51 15 -0.12396601
50 15 -0.12152481
49 15 -0.11823301
48 15 -0.1127029
47 15 -0.107718445
46 15 -0.103359245
45 15 -0.09946832
44 15 -0.095915526
43 15 -0.092748486
42 15 -0.08991397
41 15 -0.08716466
40 15 -0.084796466
39 15 -0.082596965
38 15 -0.08081008
37 15 -0.078765854
36 15 -0.076919876
35 15 -0.07509221
34 15 -0.073308006
33 15 -0.07156677
32 15 -0.06945736
31 15 -0.067856506
30 15 -0.06591702
29 15 -0.06399243
28 15 -0.061916232
27 15 -0.06057832
26 15 -0.059528254
25 15 -0.05801285
24 15 -0.057513576
23 15 -0.055537958
22 15 -0.053768646
21 15 -0.05157354
20 15 -0.049921174
19 15 -0.049612086
18 15 -0.051643614
17 15 -0.056199346
16 15 -0.06421412
15 15 -0.07245106
14 15 -0.082123324
13 15 -0.092686236
12 15 -0.10157406
11 15 -0.109094195
10 15 -0.11609894
9 15 -0.12265715
8 15 -0.1273933
7 15 -0.13145733
6 15 -0.13515857
5 15 -0.13925995
4 15 -0.14327686
3 15 -0.14727032
2 15 -0.14931917
1 15 -0.15031871
0 15 -0.15208021
0 16 -0.15366372
1 16 -0.15420866
2 16 -0.15318252
3 16 -0.15291835
4 16 -0.15068883
5 16 -0.1496119
6 16 -0.14845051
7 16 -0.14774151
8 16 -0.148712
9 16 -0.08819495
10 16 -0.09570776
11 16 -0.1103823
12 16 -0.12079042
13 16 -0.12794678
14 16 -0.1332933
15 16 -0.13891888
16 16 -0.14175461
17 16 -0.1449319
18 16 -0.14599735
19 16 -0.14556693
20 16 -0.13860343
21 16 -0.12907155
22 16 -0.12083803
23 16 -0.11345657
24 16 -0.10688176
25 16 -0.10122274
26 16 -0.09543603
27 16 -0.091779724
28 16 -0.08624229
29 16 -0.08203714
30 16 -0.07824338
31 16 -0.0747736
32 16 -0.07244007
33 16 -0.06937118
34 16 -0.06777228
35 16 -0.06640898
36 16 -0.062067844
37 16 -0.06063496
38 16 -0.059013598
39 16 -0.056784317
40 16 -0.055528194
41 16 -0.053984225
42 16 -0.052398752
43 16 -0.051919494
44 16 -0.04976077
45 16 -0.049680203
46 16 -0.047519036
47 16 -0.045950167
48 16 -0.04539962
49 16 -0.045024857
50 16 -0.04391034
51 16 -0.042798262
52 16 -0.043132007
53 16 -0.047315422
54 16 -0.054026462
55 16 -0.06148507
56 16 -0.0696268
57 16 -0.078627914
58 16 -0.08636363
59 16 -0.0925207
60 16 -0.09728274
60 17 -0.10175498
59 17 -0.10551553
58 17 -0.109136924
57 17 -0.11193555
56 17 -0.114153355
55 17 -0.11482158
54 17 -0.11388553
53 17 -0.1121714
52 17 -0.11022483
51 17 -0.10816035
50 17 -0.10558975
49 17 -0.10324255
48 17 -0.100160465
47 17 -0.097123556
46 17 -0.09351364
45 17 -0.08964981
44 17 -0.08572446
43 17 -0.08169241
42 17 -0.07794797
41 17 -0.07424259
40 17 -0.07088414
39 17 -0.067593075
38 17 -0.06409058
37 17 -0.062266823
36 17 -0.059612483
35 17 -0.05759048
34 17 -0.055657834
33 17 -0.053649258
32 17 -0.051693905
31 17 -0.049801785
30 17 -0.048296392
29 17 -0.046683576
28 17 -0.045320272
27 17 -0.043316826
26 17 -0.042158604
25 17 -0.04101967
24 17 -0.04002405
23 17 -0.03921227
22 17 -0.03806943
21 17 -0.037027422
20 17 -0.03593219
19 17 -0.034937304
18 17 -0.034746625
17 17 -0.038858015
16 17 -0.04500801
15 17 -0.053420007
14 17 -0.06399341
13 17 -0.07539007
12 17 -0.08514779
11 17 -0.093025595
10 17 -0.099965885
9 17 -0.10655095
8 17 -0.112614274
7 17 -0.11735605
6 17 -0.12261369
5 17 -0.12616429
4 17 -0.1303079
3 17 -0.13369174
2 17 -0.13607484
1 17 -0.13773794
0 17 -0.14005171
0 18 -0.14198972
1 18 -0.1441111
2 18 -0.14252025
3 18 -0.14539969
4 18 -0.14419118
5 18 -0.14056246
6 18 -0.13609754
7 18 -0.13505065
8 18 -0.13579187
9 18 -0.13532287
10 18 -0.13631825
11 18 -0.13791642
12 18 -0.13879436
13 18 -0.14066646
14 18 -0.14138131
15 18 -0.15659907
16 18 -0.15797532
17 18 -0.15208656
18 18 -0.14564677
19 18 -0.13091387
20 18 -0.1370143
21 18 -0.115410455
22 18 -0.112661146
23 18 -0.10882198
24 18 -0.10384265
25 18 -0.09957184
26 18 -0.0947263
27 18 -0.0908554
28 18 -0.086923204
29 18 -0.083227105
30 18 -0.0798728
31 18 -0.076845415
32 18 -0.07362149
33 18 -0.07123424
34 18 -0.06868172
35 18 -0.06660722
36 18 -0.063472405
37 18 -0.06057832
38 18 -0.058515545
39 18 -0.05665834
40 18 -0.054784287
41 18 -0.053082842
42 18 -0.051315483
43 18 -0.049465355
44 18 -0.047803465
45 18 -0.046357643
46 18 -0.044655956
47 18 -0.0433742
48 18 -0.041789703
49 18 -0.041019183
50 18 -0.03974475
51 18 -0.03853013
52 18 -0.038002048
53 18 -0.038342383
54 18 -0.039306264
55 18 -0.0447729
56 18 -0.04673631
57 18 -0.050026156
58 18 -0.05321639
59 18 -0.055598263
60 18 -0.059329275
60 19 -0.062586166
59 19 -0.065540306
58 19 -0.06825861
57 19 -0.070632674
56 19 -0.07286146
55 19 -0.0747736
54 19 -0.07605146
53 19 -0.07671089
52 19 -0.07739669
51 19 -0.07816233
50 19 -0.079236805
49 19 -0.078858875
48 19 -0.076853715
47 19 -0.07568939
46 19 -0.07458342
45 19 -0.06780011
44 19 -0.063349605
43 19 -0.06042524
42 19 -0.05749722
41 19 -0.054408547
40 19 -0.05201276
39 19 -0.049450953
38 19 -0.047593012
37 19 -0.047108874
36 19 -0.046278294
35 19 -0.046233617
34 19 -0.041878328
33 19 -0.03959338
32 19 -0.03786093
31 19 -0.036659252
30 19 -0.03537066
29 19 -0.033686306
28 19 -0.032649912
27 19 -0.031797606
26 19 -0.030708233
25 19 -0.029590296
24 19 -0.028734326
23 19 -0.02808417
22 19 -0.028690869
21 19 -0.028510202
20 19 -0.026008455
19 19 -0.028111514
18 19 -0.025460105
17 19 -0.025325583
16 19 -0.029791227
15 19 -0.03619611
14 19 -0.044673778
13 19 -0.056682996
12 19 -0.067524225
11 19 -0.07669551
10 19 -0.085113116
9 19 -0.09245478
8 19 -0.09993781
7 19 -0.1070678
6 19 -0.11306545
5 19 -0.12059803
4 19 -0.1231303
3 19 -0.12702978
2 19 -0.13138336
1 19 -0.13163263
0 19 -0.1313089
0 20 -0.13297738
1 20 -0.13345712
2 20 -0.13384922
3 20 -0.13409677
4 20 -0.13264167
5 20 -0.12510055
6 20 -0.12869288
7 20 -0.13452525
8 20 -0.124181345
9 20 -0.13282014
10 20 -0.15281923
11 20 -0.12981522
12 20 -0.121945955
13 20 -0.12730566
14 20 -0.13028495
15 20 -0.13567859
16 20 -0.13766861
17 20 -0.13661024
18 20 -0.13527404
19 20 -0.1297769
20 20 -0.122810476
21 20 -0.11705526
22 20 -0.11316091
23 20 -0.11101073
24 20 -0.10163974
25 20 -0.09586573
26 20 -0.09057609
27 20 -0.08737902
28 20 -0.08435822
29 20 -0.08015772
30 20 -0.07642256
31 20 -0.07359805
32 20 -0.07148376
33 20 -0.0671336
34 20 -0.06587015
35 20 -0.06262791
36 20 -0.059308525
37 20 -0.058076084
38 20 -0.058062654
39 20 -0.05460264
40 20 -0.054465678
41 20 -0.05408286
42 20 -0.051101122
43 20 -0.059772156
44 20 -0.046404764
45 20 -0.042467445
46 20 -0.04679808
47 20 -0.04865919
48 20 -0.048244633
49 20 -0.042432535
50 20 -0.04258976
51 20 -0.046811264
52 20 -0.054159764
53 20 -0.059010424
54 20 -0.06666728
55 20 -0.07747042
56 20 -0.08454255
57 20 -0.08730602
58 20 -0.09703346
59 20 -0.10158676
60 20 -0.10615958
60 21 -0.10916817
59 21 -0.112655535
58 21 -0.115086235
57 21 -0.11754061
56 21 -0.11948523
55 21 -0.12086098
54 21 -0.12095595
53 21 -0.120255746
52 21 -0.11923742
51 21 -0.11814194
50 21 -0.11726546
49 21 -0.116240546
48 21 -0.11411381
47 21 -0.11133569
46 21 -0.107879825
45 21 -0.10375745
44 21 -0.09944195
43 21 -0.09493651
42 21 -0.08943155
41 21 -0.08532235
40 21 -0.08163968
39 21 -0.07841331
38 21 -0.07513934
37 21 -0.07191272
36 21 -0.06885555
35 21 -0.065817654
34 21 -0.063266836
33 21 -0.060885698
32 21 -0.05798355
31 21 -0.055732053
30 21 -0.05378549
29 21 -0.05180377
28 21 -0.049990755
27 21 -0.048104253
26 21 -0.046618145
25 21 -0.044910356
24 21 -0.043394707
23 21 -0.041738186
22 21 -0.04008362
21 21 -0.03853306
20 21 -0.037755948
19 21 -0.03788608
18 21 -0.036841385
17 21 -0.03696956
16 21 -0.037038896
15 21 -0.041282613
14 21 -0.049461693
13 21 -0.05915203
12 21 -0.06931234
11 21 -0.07859544
10 21 -0.08751989
9 21 -0.09749221
8 21 -0.104908586
7 21 -0.11082787
6 21 -0.11573541
5 21 -0.12018348
4 21 -0.12464473
3 21 -0.12851417
2 21 -0.13184284
1 21 -0.13441393
0 21 -0.1369247
0 22 -0.13937908
1 22 -0.13994476
2 22 -0.13912615
3 22 -0.13795304
4 22 -0.13677529
5 22 -0.13585462
6 22 -0.1350736
7 22 -0.13467394
8 22 -0.13440025
9 22 -0.1344647
10 22 -0.1348131
11 22 -0.13532531
12 22 -0.13584973
13 22 -0.1363373
14 22 -0.13661952
15 22 -0.13680653
16 22 -0.1365951
17 22 -0.13602088
18 22 -0.13397665
19 22 -0.1278955
20 22 -0.12146133
21 22 -0.11552447
22 22 -0.10873116
23 22 -0.103387564
24 22 -0.09836576
25 22 -0.09361349
26 22 -0.08910927
27 22 -0.08477913
28 22 -0.0807588
29 22 -0.077035844
30 22 -0.07357803
31 22 -0.07041807
32 22 -0.06737188
33 22 -0.06396338
34 22 -0.06133956
35 22 -0.058882248
36 22 -0.056565076
37 22 -0.05464268
38 22 -0.052741773
39 22 -0.050995164
40 22 -0.049166035
41 22 -0.047533687
42 22 -0.046014618
43 22 -0.04459321
44 22 -0.04332708
45 22 -0.042258702
46 22 -0.041096333
47 22 -0.04022742
48 22 -0.039659053
49 22 -0.039419793
50 22 -0.041082904
51 22 -0.045889128
52 22 -0.053699795
53 22 -0.06378247
54 22 -0.074714035
55 22 -0.08517684
56 22 -0.096731946
57 22 -0.10445228
58 22 -0.11085741
59 22 -0.11619074
60 22 -0.12084584
60 23 -0.12498873
59 23 -0.12821046
58 23 -0.13070194
57 23 -0.13250129
56 23 -0.1339
55 23 -0.13454112
54 23 -0.13441978
53 23 -0.13389194
52 23 -0.1330699
51 23 -0.13213459
50 23 -0.13138531
49 23 -0.13051689
48 23 -0.12907742
47 23 -0.12637962
46 23 -0.12260173
45 23 -0.117164634
44 23 -0.113579616
43 23 -0.107782654
42 23 -0.10334045
41 23 -0.098929495
40 23 -0.095072255
39 23 -0.091361746
38 23 -0.08788758
37 23 -0.08450715
36 23 -0.08120754
35 23 -0.07819065
34 23 -0.07529705
33 23 -0.07251527
32 23 -0.06917708
31 23 -0.06651884
30 23 -0.06409595
29 23 -0.061658658
28 23 -0.05935589
27 23 -0.057179097
26 23 -0.05501549
25 23 -0.053034745
24 23 -0.051149465
23 23 -0.049363058
22 23 -0.04769653
21 23 -0.04582199
20 23 -0.0442768
19 23 -0.042768475
18 23 -0.0413644
17 23 -0.04047645
16 23 -0.040796034
15 23 -0.043059252
14 23 -0.047727294
13 23 -0.05371713
12 23 -0.060358834
11 23 -0.0664578
10 23 -0.07375503
9 23 -0.08011524
8 23 -0.0869254
7 23 -0.09318746
6 23 -0.09834989
5 23 -0.10314684
4 23 -0.10850972
3 23 -0.11386258
2 23 -0.118913926
1 23 -0.1231408
0 23 -0.12556662
0 24 -0.128292
1 24 -0.12889406
2 24 -0.12777466
3 24 -0.12648557
4 24 -0.12501168
5 24 -0.123744816
6 24 -0.12283513
7 24 -0.12206071
8 24 -0.12142349
9 24 -0.121181786
10 24 -0.1203639
11 24 -0.12097475
12 24 -0.11926818
13 24 -0.11808872
14 24 -0.11580329
15 24 -0.11608429
16 24 -0.112512216
17 24 -0.11705672
18 24 -0.10898092
19 24 -0.10171152
20 24 -0.09814384
21 24 -0.09354147
22 24 -0.090421796
23 24 -0.0780842
24 24 -0.078151345
25 24 -0.070855334
26 24 -0.072344854
27 24 -0.06241526
28 24 -0.06036176
29 24 -0.058058992
30 24 -0.06211716
31 24 -0.052410714
32 24 -0.05374472
33 24 -0.053261556
34 24 -0.050666302
35 24 -0.045028523
36 24 -0.043398615
37 24 -0.041907135
38 24 -0.040444467
39 24 -0.03909923
40 24 -0.03781259
41 24 -0.0386295
42 24 -0.039276235
43 24 -0.037237387
44 24 -0.03590021
45 24 -0.03486357
46 24 -0.034025423
47 24 -0.0336116
48 24 -0.033408225
49 24 -0.03459013
50 24 -0.03872569
51 24 -0.046050508
52 24 -0.055165883
53 24 -0.06516213
54 24 -0.07622651
55 24 -0.08463215
56 24 -0.09207807
57 24 -0.09848783
58 24 -0.104295544
59 24 -0.10927023
60 24 -0.11375882
60 25 -0.117494226
59 25 -0.12069374
58 25 -0.12309515
57 25 -0.12552486
56 25 -0.12694824
55 25 -0.12800781
54 25 -0.12863502
53 25 -0.12887722
52 25 -0.12876858
51 25 -0.12834595
50 25 -0.12794507
49 25 -0.12752198
48 25 -0.12662767
47 25 -0.12450606
46 25 -0.12130361
45 25 -0.116513014
44 25 -0.112094976
43 25 -0.10800971
42 25 -0.103796266
41 25 -0.099710755
40 25 -0.100122385
39 25 -0.09366183
38 25 -0.08932388
37 25 -0.08519808
36 25 -0.08157547
35 25 -0.07828733
34 25 -0.07443986
33 25 -0.07144592
32 25 -0.06868172
31 25 -0.06604569
30 25 -0.06352246
29 25 -0.06121578
28 25 -0.058797043
27 25 -0.05656312
26 25 -0.054434426
25 25 -0.05249348
24 25 -0.050588664
23 25 -0.048564952
22 25 -0.046990708
21 25 -0.045590296
20 25 -0.044077333
19 25 -0.04275749
18 25 -0.0414916
17 25 -0.040490367
16 25 -0.040744033
15 25 -0.043467704
14 25 -0.0479375
13 25 -0.05364462
12 25 -0.061028033
11 25 -0.06650053
10 25 -0.07319619
9 25 -0.07836277
8 25 -0.081523955
7 25 -0.085610196
6 25 -0.09167523
5 25 -0.09926153
4 25 -0.1011766
3 25 -0.10755804
2 25 -0.10892598
1 25 -0.11563043
0 25 -0.119982794
0 26 -0.12086757
1 26 -0.11958435
2 26 -0.117343836
3 26 -0.115546934
4 26 -0.11460405
5 26 -0.113306664
6 26 -0.11293606
7 26 -0.11346389
8 26 -0.11002463
9 26 -0.10949777
10 26 -0.10916427
11 26 -0.10869868
12 26 -0.108105905
13 26 -0.106896654
14 26 -0.10551236
15 26 -0.10428748
16 26 -0.10256236
17 26 -0.09968854
18 26 -0.09398972
19 26 -0.08664659
20 26 -0.0811404
21 26 -0.07631464
22 26 -0.07185633
23 26 -0.067747615
24 26 -0.06420167
25 26 -0.060987018
26 26 -0.057967685
27 26 -0.055263054
28 26 -0.052878737
29 26 -0.05044169
30 26 -0.048010256
31 26 -0.046169896
32 26 -0.043886412
33 26 -0.04272868
34 26 -0.041403223
35 26 -0.039747678
36 26 -0.03852256
37 26 -0.03716732
38 26 -0.036273994
39 26 -0.034514934
40 26 -0.03347097
41 26 -0.032307133
42 26 -0.03142846
43 26 -0.030569315
44 26 -0.029737515
45 26 -0.028968949
46 26 -0.02837641
47 26 -0.0279057
48 26 -0.027889831
49 26 -0.029489221
50 26 -0.034013703
51 26 -0.040853165
52 26 -0.051554013
53 26 -0.061804414
54 26 -0.07174866
55 26 -0.08064991
56 26 -0.08818812
57 26 -0.094686754
58 26 -0.100281805
59 26 -0.10541714
60 26 -0.10978757
60 27 -0.11375809
59 27 -0.11737338
58 27 -0.11970276
57 27 -0.12147085
56 27 -0.12271208
55 27 -0.12382709
54 27 -0.124455765
53 27 -0.12469405
52 27 -0.124468945
51 27 -0.12379413
50 27 -0.12263469
49 27 -0.12143789
48 27 -0.11960803
47 27 -0.116955645
46 27 -0.11345193
45 27 -0.10942672
44 27 -0.10523916
43 27 -0.10090633
42 27 -0.09675783
41 27 -0.09290669
40 27 -0.090094395
39 27 -0.08569198
38 27 -0.085489586
37 27 -0.07988599
36 27 -0.07569232
35 27 -0.07124059
34 27 -0.06845466
33 27 -0.06600907
32 27 -0.06356689
31 27 -0.06133297
30 27 -0.058976978
29 27 -0.056861464
28 27 -0.054940782
27 27 -0.053025957
26 27 -0.05114287
25 27 -0.04915529
24 27 -0.047022935
23 27 -0.04536422
22 27 -0.04337078
21 27 -0.039715696
20 27 -0.029097369
19 27 -0.030277807
18 27 -0.036242496
17 27 -0.045721646
16 27 -0.040924698
15 27 -0.04008411
14 27 -0.041895416
13 27 -0.048783705
12 27 -0.0562743
11 27 -0.06426685
10 27 -0.07229749
9 27 -0.0802295
8 27 -0.08750378
7 27 -0.094263405
6 27 -0.09983478
5 27 -0.105008684
4 27 -0.10951047
3 27 -0.11393363
2 27 -0.11838755
1 27 -0.1213002
0 27 -0.12411518
0 28 -0.12644628
1 28 -0.12753735
2 28 -0.1274834
3 28 -0.12731372
4 28 -0.12675658
5 28 -0.12618747
6 28 -0.12587278
7 28 -0.12530318
8 28 -0.1246562
9 28 -0.12415156
10 28 -0.123756774
11 28 -0.12333587
12 28 -0.1227404
13 28 -0.12183194
14 28 -0.12372601
15 28 -0.1188756
16 28 -0.11538091
17 28 -0.111294426
18 28 -0.10683635
19 28 -0.10058332
20 28 -0.09593726
21 28 -0.09127288
22 28 -0.087161005
23 28 -0.08335967
24 28 -0.07958691
25 28 -0.07611493
26 28 -0.07296181
27 28 -0.07000668
28 28 -0.06718389
29 28 -0.06459303
30 28 -0.061590787
31 28 -0.059230886
32 28 -0.05710683
33 28 -0.05506481
34 28 -0.053277183
35 28 -0.0514754
36 28 -0.049753692
37 28 -0.048173346
38 28 -0.04670213
39 28 -0.04521871
40 28 -0.04387274
41 28 -0.042373694
42 28 -0.04115102
43 28 -0.039841674
44 28 -0.038728375
45 28 -0.03770541
46 28 -0.03678523
47 28 -0.036125552
48 28 -0.03587433
49 28 -0.037487634
50 28 -0.04204337
51 28 -0.047708493
52 28 -0.056359503
53 28 -0.06427588
54 28 -0.07224598
55 28 -0.08038795
56 28 -0.08789978
57 28 -0.09466576
58 28 -0.10052498
59 28 -0.1055917
60 28 -0.109984346
60 29 -0.113934115
59 29 -0.11734286
58 29 -0.11950256
57 29 -0.12117275
56 29 -0.122238934
55 29 -0.123080984
54 29 -0.12331707
53 29 -0.12297112
52 29 -0.12194693
51 29 -0.12044642
50 29 -0.118737414
49 29 -0.116607256
48 29 -0.1131614
47 29 -0.10937594
46 29 -0.10464955
45 29 -0.100343086
44 29 -0.09766726
43 29 -0.092581004
42 29 -0.08886953
41 29 -0.08487752
40 29 -0.08209623
39 29 -0.080787614
38 29 -0.075944275
37 29 -0.07505217
36 29 -0.06760772
35 29 -0.06413477
34 29 -0.062678695
33 29 -0.06062007
32 29 -0.06196286
31 29 -0.066323526
30 29 -0.060460884
29 29 -0.057393946
28 29 -0.05370053
27 29 -0.05158111
26 29 -0.049729276
25 29 -0.048475105
24 29 -0.046751447
23 29 -0.045058794
22 29 -0.043914
21 29 -0.042656414
20 29 -0.0412687
19 29 -0.040672496
18 29 -0.039636593
17 29 -0.038635846
16 29 -0.03774081
15 29 -0.037431482
14 29 -0.03841587
13 29 -0.040231816
12 29 -0.043217216
11 29 -0.046977036
10 29 -0.050803024
9 29 -0.05499962
8 29 -0.058394447
7 29 -0.06300463
6 29 -0.06997666
5 29 -0.0772485
4 29 -0.08535971
3 29 -0.091226734
2 29 -0.09639796
1 29 -0.100794755
0 29 -0.10475233
0 30 -0.10783539
1 30 -0.10932052
2 30 -0.109542206
3 30 -0.10929513
4 30 -0.10877974
5 30 -0.10818842
6 30 -0.10754364
7 30 -0.109093465
8 30 -0.10771722
9 30 -0.11067699
10 30 -0.107943304
11 30 -0.10226011
12 30 -0.09837138
13 30 -0.09557202
14 30 -0.09378781
15 30 -0.09151971
16 30 -0.08932314
17 30 -0.08546518
18 30 -0.081638455
19 30 -0.07805441
20 30 -0.07440568
21 30 -0.07094762
22 30 -0.06790021
23 30 -0.06503811
24 30 -0.06248118
25 30 -0.06008222
26 30 -0.06034736
27 30 -0.06519167
28 30 -0.057327047
29 30 -0.054864854
30 30 -0.052717116
31 30 -0.05086235
32 30 -0.049265157
33 30 -0.048159428
34 30 -0.046542704
35 30 -0.045247275
36 30 -0.043798767
37 30 -0.04542428
38 30 -0.04111904
39 30 -0.041346826
40 30 -0.042945236
41 30 -0.03762411
42 30 -0.03808237
43 30 -0.037626307
44 30 -0.034601603
45 30 -0.033899445
46 30 -0.032686047
47 30 -0.03402884
48 30 -0.02766009
49 30 -0.027577082
50 30 -0.033521753
51 30 -0.028124453
52 30 -0.043574642
53 30 -0.05819962
54 30 -0.054687116
55 30 -0.06594608
56 30 -0.07246571
57 30 -0.07976733
58 30 -0.08999527
59 30 -0.10445448
60 30 -0.10413099
60 31 -0.11705111
59 31 -0.11954162
58 31 -0.11649983
57 31 -0.11087426
56 31 -0.113332786
55 31 -0.11377151
54 31 -0.11400394
53 31 -0.11472172
52 31 -0.11446537
51 31 -0.11400907
50 31 -0.112241216
49 31 -0.10868013
48 31 -0.106133215
47 31 -0.102861434
46 31 -0.10008576
45 31 -0.09698244
44 31 -0.09022208
43 31 -0.092784375
42 31 -0.093661346
41 31 -0.09352047
40 31 -0.081144065
39 31 -0.066483684
38 31 -0.07087877
37 31 -0.06505471
36 31 -0.06311278
35 31 -0.05930535
34 31 -0.05789444
33 31 -0.05637586
32 31 -0.055325065
31 31 -0.05474815
30 31 -0.055779662
29 31 -0.054892443
28 31 -0.05296712
27 31 -0.05558679
26 31 -0.047878172
25 31 -0.04763525
24 31 -0.04769531
23 31 -0.050367713
22 31 -0.046066377
21 31 -0.04252433
20 31 -0.043682065
19 31 -0.042009674
18 31 -0.04086293
17 31 -0.039702754
16 31 -0.03849595
15 31 -0.03797446
14 31 -0.03856968
13 31 -0.040803116
12 31 -0.044008974
11 31 -0.04731005
10 31 -0.052368723
9 31 -0.05851139
8 31 -0.06504006
7 31 -0.072303355
6 31 -0.07948803
5 31 -0.08663169
4 31 -0.09331222
3 31 -0.09777005
2 31 -0.10156796
1 31 -0.104998186
0 31 -0.10877217
0 32 -0.11125951
1 32 -0.112279065
2 32 -0.11219727
3 32 -0.111685544
4 32 -0.11062743
5 32 -0.11072264
6 32 -0.108049996
7 32 -0.1059755
8 32 -0.10499379
9 32 -0.10438026
10 32 -0.10293419
11 32 -0.10289195
12 32 -0.102455184
13 32 -0.10100692
14 32 -0.09721706
15 32 -0.096076906
16 32 -0.09423704
17 32 -0.08962295
18 32 -0.085868746
19 32 -0.08219437
20 32 -0.0789973
21 32 -0.07579974
22 32 -0.07295253
23 32 -0.071082145
24 32 -0.06887605
25 32 -0.06714092
26 32 -0.065327905
27 32 -0.06317016
28 32 -0.060751416
29 32 -0.059181325
30 32 -0.0575729
31 32 -0.058201086
32 32 -0.053197592
33 32 -0.053697597
34 32 -0.05378793
35 32 -0.055288445
36 32 -0.054860704
37 32 -0.051878236
38 32 -0.050655317
39 32 -0.049212668
40 32 -0.048293706
41 32 -0.04732079
42 32 -0.04632639
43 32 -0.04535543
44 32 -0.04421552
45 32 -0.0431032
46 32 -0.04205191
47 32 -0.041152485
48 32 -0.040581677
49 32 -0.042064853
50 32 -0.04643357
51 32 -0.051319387
52 32 -0.05703432
53 32 -0.06298485
54 32 -0.068510324
55 32 -0.073462546
56 32 -0.078051485
57 32 -0.08222514
58 32 -0.08604624
59 32 -0.08953628
60 32 -0.092860065
60 33 -0.09621876
59 33 -0.098545454
58 33 -0.1001966
57 33 -0.101599455
56 33 -0.10211143
55 33 -0.102421
54 33 -0.10275694
53 33 -0.102808215
52 33 -0.10274498
51 33 -0.1023563
50 33 -0.10124447
49 33 -0.09908184
48 33 -0.09610938
47 33 -0.09186908
46 33 -0.087063834
45 33 -0.08278276
44 33 -0.078807116
43 33 -0.0753869
42 33 -0.07246034
41 33 -0.06994052
40 33 -0.06719561
39 33 -0.064887956
38 33 -0.062313452
37 33 -0.060224067
36 33 -0.05829679
35 33 -0.056587778
34 33 -0.054868028
33 33 -0.053388756
32 33 -0.05205475
31 33 -0.05117681
30 33 -0.050247107
29 33 -0.04918459
28 33 -0.048203863
27 33 -0.04702318
26 33 -0.04609177
25 33 -0.04533712
24 33 -0.044500437
23 33 -0.043690365
22 33 -0.04316155
21 33 -0.04251359
20 33 -0.04147744
19 33 -0.04092006
18 33 -0.040189825
17 33 -0.039390497
16 33 -0.038538676
15 33 -0.03803061
14 33 -0.03848301
13 33 -0.040513802
12 33 -0.04352581
11 33 -0.04680516
10 33 -0.051064745
9 33 -0.059397392
8 33 -0.06914315
7 33 -0.07709175
6 33 -0.08298003
5 33 -0.08760949
4 33 -0.091954775
3 33 -0.09495531
2 33 -0.09775833
1 33 -0.100426584
0 33 -0.10305358
0 34 -0.10520888
1 34 -0.10646452
2 34 -0.107299246
3 34 -0.10736395
4 34 -0.10724676
5 34 -0.106837325
6 34 -0.10696795
7 34 -0.106775805
8 34 -0.10626603
9 34 -0.10561074
10 34 -0.104637586
11 34 -0.10359729
12 34 -0.10295812
13 34 -0.10280944
14 34 -0.10256749
15 34 -0.10217222
16 34 -0.09933599
17 34 -0.095558345
18 34 -0.091323905
19 34 -0.08713952
20 34 -0.08332647
21 34 -0.079915285
22 34 -0.07675191
23 34 -0.07390445
24 34 -0.07127062
25 34 -0.06906282
26 34 -0.06781671
27 34 -0.06495192
28 34 -0.06302904
29 34 -0.06120284
30 34 -0.059504572
31 34 -0.057943024
32 34 -0.05647938
33 34 -0.055153187
34 34 -0.053915374
35 34 -0.05266243
36 34 -0.05163995
37 34 -0.05065922
38 34 -0.04941213
39 34 -0.04853175
40 34 -0.047540035
41 34 -0.04657713
42 34 -0.045865692
43 34 -0.04496553
44 34 -0.044289008
45 34 -0.04358734
46 34 -0.04277116
47 34 -0.04203751
48 34 -0.0415375
49 34 -0.042532146
50 34 -0.04474458
51 34 -0.048105717
52 34 -0.052908525
53 34 -0.058096103
54 34 -0.06442408
55 34 -0.07142199
56 34 -0.07811716
57 34 -0.08367096
58 34 -0.08900429
59 34 -0.09371335
60 34 -0.09892925
60 35 -0.10240025
59 35 -0.10509487
58 35 -0.10694719
57 35 -0.1084062
56 35 -0.10926925
55 35 -0.109409146
54 35 -0.109024376
53 35 -0.10813031
52 35 -0.10702996
51 35 -0.10616642
50 35 -0.10558072
49 35 -0.105133444
48 35 -0.10440297
47 35 -0.10214414
46 35 -0.09894219
45 35 -0.09565186
44 35 -0.092658155
43 35 -0.08972183
42 35 -0.086793564
41 35 -0.08403229
40 35 -0.08109401
39 35 -0.07764767
38 35 -0.07499236
37 35 -0.07283925
36 35 -0.07071251
35 35 -0.06886018
34 35 -0.067221
33 35 -0.06536623
32 35 -0.063856445
31 35 -0.062043916
30 35 -0.06063203
29 35 -0.059134204
28 35 -0.05776846
27 35 -0.05647181
26 35 -0.05517858
25 35 -0.054005466
24 35 -0.052883133
23 35 -0.052036684
22 35 -0.050848924
21 35 -0.050001252
20 35 -0.049437523
19 35 -0.04889186
18 35 -0.04846241
17 35 -0.047688473
16 35 -0.04685936
15 35 -0.0462573
14 35 -0.046358377
13 35 -0.04845777
12 35 -0.051363092
11 35 -0.0530826
10 35 -0.05714687
9 35 -0.06286888
8 35 -0.06750909
7 35 -0.07443693
6 35 -0.082645066
5 35 -0.08920913
4 35 -0.095774174
3 35 -0.102152444
2 35 -0.10759393
1 35 -0.111831546
0 35 -0.11504839
0 36 -0.117832854
1 36 -0.119726926
2 36 -0.12061
3 36 -0.12130996
4 36 -0.121912025
5 36 -0.12016663
6 36 -0.12470625
7 36 -0.12006214
8 36 -0.11796811
9 36 -0.11812144
10 36 -0.11794272
11 36 -0.12060365
12 36 -0.11388968
13 36 -0.1179918
14 36 -0.11477202
15 36 -0.11519634
16 36 -0.112748064
17 36 -0.10898604
18 36 -0.105058245
19 36 -0.10155355
20 36 -0.09739236
21 36 -0.09397531
22 36 -0.091209404
23 36 -0.087485716
24 36 -0.085314535
25 36 -0.08446614
26 36 -0.08061744
27 36 -0.077572234
28 36 -0.07598529
29 36 -0.07318569
30 36 -0.072170295
31 36 -0.07127917
32 36 -0.0697164
33 36 -0.06856916
34 36 -0.06537039
35 36 -0.06464308
36 36 -0.06409107
37 36 -0.06203464
38 36 -0.060707226
39 36 -0.060165714
40 36 -0.058715988
41 36 -0.05730581
42 36 -0.054998644
43 36 -0.054291844
44 36 -0.05309969
45 36 -0.05241804
46 36 -0.051949523
47 36 -0.05119268
48 36 -0.051018115
49 36 -0.051440973
50 36 -0.052723464
51 36 -0.05449473
52 36 -0.057017475
53 36 -0.060000185
54 36 -0.06373242
55 36 -0.06784186
56 36 -0.07229603
57 36 -0.07716646
58 36 -0.08201346
59 36 -0.08663072
60 36 -0.09070549
60 37 -0.094750226
59 37 -0.09693166
58 37 -0.098486856
57 37 -0.10093172
56 37 -0.102468364
55 37 -0.10297985
54 37 -0.103499144
53 37 -0.104325816
52 37 -0.1046642
51 37 -0.10505044
50 37 -0.10401209
49 37 -0.10253062
48 37 -0.101971045
47 37 -0.10061873
46 37 -0.09957379
45 37 -0.09834232
44 37 -0.096374035
43 37 -0.09350192
42 37 -0.09036589
41 37 -0.08737292
40 37 -0.08494002
39 37 -0.0824622
38 37 -0.080759294
37 37 -0.079038076
36 37 -0.07799655
35 37 -0.07619892
34 37 -0.07413883
33 37 -0.07087853
32 37 -0.069065996
31 37 -0.06713481
30 37 -0.06594339
29 37 -0.06475514
28 37 -0.06332787
27 37 -0.062102024
26 37 -0.06095699
25 37 -0.059785828
24 37 -0.058718428
23 37 -0.05771182
22 37 -0.05678236
21 37 -0.055937134
20 37 -0.054938097
19 37 -0.054311376
18 37 -0.053482264
17 37 -0.052745193
16 37 -0.05171295
15 37 -0.051120654
14 37 -0.050946336
13 37 -0.052303046
12 37 -0.05536828
11 37 -0.059585627
10 37 -0.06453858
9 37 -0.07043394
8 37 -0.07611054
7 37 -0.08123147
6 37 -0.0854161
5 37 -0.08950601
4 37 -0.09245161
3 37 -0.09498778
2 37 -0.098545454
1 37 -0.099270806
0 37 -0.10243077
0 38 -0.105404444
1 38 -0.1069301
2 38 -0.10654167
3 38 -0.10355798
4 38 -0.1046288
5 38 -0.09988019
6 38 -0.096690685
7 38 -0.10651286
8 38 -0.10604264
9 38 -0.104194224
10 38 -0.10403528
11 38 -0.10445399
12 38 -0.10378528
13 38 -0.101851165
14 38 -0.09914678
15 38 -0.09544018
16 38 -0.09354684
17 38 -0.09074626
18 38 -0.08516024
19 38 -0.0820911
20 38 -0.079604246
21 38 -0.076651804
22 38 -0.07431608
23 38 -0.072226204
24 38 -0.070267186
25 38 -0.068488844
26 38 -0.06679448
27 38 -0.06483644
28 38 -0.063755125
29 38 -0.06297899
30 38 -0.06169357
31 38 -0.060735792
32 38 -0.0597702
33 38 -0.05876384
34 38 -0.057696685
35 38 -0.05666029
36 38 -0.05575818
37 38 -0.054801863
38 38 -0.053433433
39 38 -0.05308382
40 38 -0.05230793
41 38 -0.051697813
42 38 -0.050965134
43 38 -0.050365273
44 38 -0.04982181
45 38 -0.04918752
46 38 -0.0490071
47 38 -0.049091816
48 38 -0.05008939
49 38 -0.052752517
50 38 -0.055722777
51 38 -0.059163503
52 38 -0.06312108
53 38 -0.06828718
54 38 -0.07396427
55 38 -0.0796626
56 38 -0.085076496
57 38 -0.09044279
58 38 -0.0951455
59 38 -0.099217094
60 38 -0.10331945
60 39 -0.10603995
59 39 -0.10838227
58 39 -0.10989914
57 39 -0.11127685
56 39 -0.112368174
55 39 -0.11629938
54 39 -0.11705648
53 39 -0.11489751
52 39 -0.11792075
51 39 -0.11774325
50 39 -0.11774912
49 39 -0.11740512
48 39 -0.11511993
47 39 -0.11480644
46 39 -0.11447831
45 39 -0.11203492
44 39 -0.111722656
43 39 -0.109325156
42 39 -0.106880784
41 39 -0.10476796
40 39 -0.100208566
39 39 -0.09661452
38 39 -0.09330538
37 39 -0.09038371
36 39 -0.087911256
35 39 -0.085358486
34 39 -0.082851365
33 39 -0.08087819
32 39 -0.078932114
31 39 -0.07719674
30 39 -0.075546324
29 39 -0.07370767
28 39 -0.07234363
27 39 -0.07108752
26 39 -0.06971908
25 39 -0.068506904
24 39 -0.067416556
23 39 -0.06630546
22 39 -0.06519387
21 39 -0.064198494
20 39 -0.06334667
19 39 -0.062447734
18 39 -0.06176022
17 39 -0.060901567
16 39 -0.06033979
15 39 -0.059772886
14 39 -0.059247978
13 39 -0.059498712
12 39 -0.061237264
11 39 -0.064813495
10 39 -0.06952157
9 39 -0.07547894
8 39 -0.081647
7 39 -0.087743774
6 39 -0.09476732
5 39 -0.098571084
4 39 -0.10248668
3 39 -0.1059274
2 39 -0.108118355
1 39 -0.11058104
0 39 -0.11239869
0 40 -0.11389237
1 40 -0.11463359
2 40 -0.11530376
3 40 -0.11583478
4 40 -0.11678646
5 40 -0.11746078
6 40 -0.11836387
7 40 -0.12173526
8 40 -0.11300515
9 40 -0.114952445
10 40 -0.121900305
11 40 -0.1129092
12 40 -0.11490947
13 40 -0.11458036
14 40 -0.109776095
15 40 -0.09865703
16 40 -0.0980596
17 40 -0.09333273
18 40 -0.09059123
19 40 -0.08887294
20 40 -0.08603892
21 40 -0.08200858
22 40 -0.07864329
23 40 -0.07726095
24 40 -0.07513201
25 40 -0.07230946
26 40 -0.07142883
27 40 -0.06959506
28 40 -0.06772491
29 40 -0.06782306
30 40 -0.06616874
31 40 -0.06557327
32 40 -0.06494997
33 40 -0.06409937
34 40 -0.063010484
35 40 -0.062370583
36 40 -0.061206993
37 40 -0.06053901
38 40 -0.0601977
39 40 -0.05935833
40 40 -0.05880412
41 40 -0.05807486
42 40 -0.05746743
43 40 -0.056855116
44 40 -0.056255743
45 40 -0.055721313
46 40 -0.055402216
47 40 -0.0554862
48 40 -0.056366827
49 40 -0.058191318
50 40 -0.0609377
51 40 -0.064703874
52 40 -0.06921029
53 40 -0.07498259
54 40 -0.08148513
55 40 -0.08802454
56 40 -0.09401193
57 40 -0.099443905
58 40 -0.104434945
59 40 -0.10921993
60 40 -0.113036886
60 41 -0.11707748
59 41 -0.11917638
58 41 -0.12152407
57 41 -0.12364105
56 41 -0.12527658
55 41 -0.12640843
54 41 -0.12726855
53 41 -0.12764941
52 41 -0.12778613
51 41 -0.12776318
50 41 -0.12723583
49 41 -0.12658274
48 41 -0.12570505
47 41 -0.12434053
46 41 -0.12344281
45 41 -0.122541666
44 41 -0.12045741
43 41 -0.11818393
42 41 -0.1143477
41 41 -0.1106472
40 41 -0.10762494
39 41 -0.10363001
38 41 -0.10132259
37 41 -0.098614305
36 41 -0.09612086
35 41 -0.093589075
34 41 -0.09117205
33 41 -0.08909267
32 41 -0.08699108
31 41 -0.08496443
30 41 -0.082960986
29 41 -0.081348166
28 41 -0.0806526
27 41 -0.079445064
26 41 -0.0758327
25 41 -0.07322231
24 41 -0.07287172
23 41 -0.071828
22 41 -0.07059019
21 41 -0.06993857
20 41 -0.0688365
19 41 -0.06794171
18 41 -0.066897504
17 41 -0.06590262
16 41 -0.06498659
15 41 -0.063950926
14 41 -0.06334789
13 41 -0.06331274
12 41 -0.064346686
11 41 -0.06668388
10 41 -0.06985874
9 41 -0.0739689
8 41 -0.07974121
7 41 -0.08606724
6 41 -0.0931086
5 41 -0.098341346
4 41 -0.10298717
3 41 -0.1071574
2 41 -0.10999778
1 41 -0.11283669
0 41 -0.114976615
0 42 -0.1165887
1 42 -0.1178414
2 42 -0.119344845
3 42 -0.12092836
4 42 -0.122758225
5 42 -0.13082036
6 42 -0.12096181
7 42 -0.11965002
8 42 -0.12015077
9 42 -0.11974768
10 42 -0.11789926
11 42 -0.11591803
12 42 -0.11270338
13 42 -0.10829829
14 42 -0.10496474
15 42 -0.105247945
16 42 -0.099694155
17 42 -0.09490575
18 42 -0.09196674
19 42 -0.08898232
20 42 -0.086234964
21 42 -0.08887196
22 42 -0.080768816
23 42 -0.08107277
24 42 -0.07889085
25 42 -0.07680586
26 42 -0.07728902
27 42 -0.07768625
28 42 -0.075503595
29 42 -0.0736918
30 42 -0.073897615
31 42 -0.07093566
32 42 -0.06967465
33 42 -0.06807062
34 42 -0.06825495
35 42 -0.0664998
36 42 -0.0652427
37 42 -0.064474374
38 42 -0.063402824
39 42 -0.06262107
40 42 -0.061833955
41 42 -0.06115035
42 42 -0.06042109
43 42 -0.05984027
44 42 -0.060327094
45 42 -0.059147146
46 42 -0.05860197
47 42 -0.0602226
48 42 -0.06065791
49 42 -0.06146725
50 42 -0.06260716
51 42 -0.06280443
52 42 -0.06267577
53 42 -0.06568753
54 42 -0.065808624
55 42 -0.0734352
56 42 -0.07400455
57 42 -0.07898827
58 42 -0.08431891
59 42 -0.0898212
60 42 -0.09713137
60 43 -0.10156625
59 43 -0.10443446
58 43 -0.10779291
57 43 -0.10890352
56 43 -0.11336477
55 43 -0.112086184
54 43 -0.11230201
53 43 -0.1123921
52 43 -0.11260768
51 43 -0.113440454
50 43 -0.1122815
49 43 -0.111090325
48 43 -0.11048582
47 43 -0.10962448
46 43 -0.10884493
45 43 -0.10786542
44 43 -0.10669963
43 43 -0.10609
42 43 -0.10459291
41 43 -0.102609724
40 43 -0.0996546
39 43 -0.09720608
38 43 -0.09475267
37 43 -0.092169866
36 43 -0.08972183
35 43 -0.087324575
34 43 -0.08500545
33 43 -0.08283818
32 43 -0.081705354
31 43 -0.07898754
30 43 -0.07776853
29 43 -0.07571771
28 43 -0.074494794
27 43 -0.07332168
26 43 -0.07220594
25 43 -0.07104186
24 43 -0.06997861
23 43 -0.0690262
22 43 -0.06802765
21 43 -0.06710088
20 43 -0.06624906
19 43 -0.06546682
18 43 -0.06452833
17 43 -0.06362036
16 43 -0.06284715
15 43 -0.062209446
14 43 -0.061667204
13 43 -0.061399378
12 43 -0.06200754
11 43 -0.06376514
10 43 -0.06773981
9 43 -0.07403311
8 43 -0.08070851
7 43 -0.08876307
6 43 -0.09729421
5 43 -0.10360827
4 43 -0.10877608
3 43 -0.11351736
2 43 -0.117857024
1 43 -0.121340476
0 43 -0.12427534
0 44 -0.12693162
1 44 -0.12900466
2 44 -0.13057597
3 44 -0.13204426
4 44 -0.13257429
5 44 -0.13306917
6 44 -0.13331209
7 44 -0.13299398
8 44 -0.13263093
9 44 -0.1317989
10 44 -0.13043876
11 44 -0.12830006
12 44 -0.12519625
13 44 -0.1224777
14 44 -0.1202306
15 44 -0.11841758
16 44 -0.11564191
17 44 -0.11342605
18 44 -0.11083226
19 44 -0.108348094
20 44 -0.10589981
21 44 -0.103240594
22 44 -0.10083089
23 44 -0.098409705
24 44 -0.09606226
25 44 -0.09332174
26 44 -0.091715515
27 44 -0.08925869
28 44 -0.087276
29 44 -0.0854808
30 44 -0.08379767
31 44 -0.08196903
32 44 -0.080400154
33 44 -0.07893358
34 44 -0.077452846
35 44 -0.076097354
36 44 -0.07462492
37 44 -0.0736608
38 44 -0.072348274
39 44 -0.07131139
40 44 -0.07028208
41 44 -0.06932552
42 44 -0.06846833
43 44 -0.06773834
44 44 -0.066999316
45 44 -0.066399455
46 44 -0.066262
47 44 -0.06640946
48 44 -0.06745025
49 44 -0.06946395
50 44 -0.07206287
51 44 -0.07551678
52 44 -0.07989746
53 44 -0.084873855
54 44 -0.09024601
55 44 -0.09527782
56 44 -0.100363106
57 44 -0.1050226
58 44 -0.10936618
59 44 -0.11350003
60 44 -0.1177601
60 45 -0.12085219
59 45 -0.12329412
58 45 -0.12551437
57 45 -0.1274248
56 45 -0.12880544
55 45 -0.13011332
54 45 -0.13102569
53 45 -0.13141802
52 45 -0.13231061
51 45 -0.1325533
50 45 -0.13259846
49 45 -0.1326412
48 45 -0.13212337
47 45 -0.13175812
46 45 -0.1309915
45 45 -0.13050932
44 45 -0.12979984
43 45 -0.12871364
42 45 -0.12780982
41 45 -0.1263469
40 45 -0.12467427
39 45 -0.12224772
38 45 -0.120089725
37 45 -0.117772795
36 45 -0.11532403
35 45 -0.11281227
34 45 -0.11002732
33 45 -0.10776556
32 45 -0.10529214
31 45 -0.102997914
30 45 -0.10064558
29 45 -0.09849345
28 45 -0.09586768
27 45 -0.093893774
26 45 -0.09218281
25 45 -0.090285316
24 45 -0.088657364
23 45 -0.087121695
22 45 -0.085499845
21 45 -0.084166326
20 45 -0.082847945
19 45 -0.08169339
18 45 -0.080662124
17 45 -0.079319574
16 45 -0.07824363
15 45 -0.07723409
14 45 -0.07644721
13 45 -0.075683534
12 45 -0.07618036
11 45 -0.078241184
10 45 -0.08192142
9 45 -0.08676475
8 45 -0.09245845
7 45 -0.09824662
6 45 -0.10472304
5 45 -0.10887862
4 45 -0.11270338
3 45 -0.11705477
2 45 -0.121836096
1 45 -0.1260693
0 45 -0.1292654
0 46 -0.13226008
1 46 -0.13473009
2 46 -0.13601282
3 46 -0.13669252
4 46 -0.1369999
5 46 -0.13664906
6 46 -0.1362306
7 46 -0.13571155
8 46 -0.13534607
9 46 -0.13497154
10 46 -0.13397959
11 46 -0.13380723
12 46 -0.1335748
13 46 -0.13364707
14 46 -0.13320565
15 46 -0.13136211
16 46 -0.12942068
17 46 -0.12699755
18 46 -0.12468111
19 46 -0.12212418
20 46 -0.119667605
21 46 -0.117034264
22 46 -0.11461967
23 46 -0.11200928
24 46 -0.10961911
25 46 -0.107130304
26 46 -0.10424549
27 46 -0.101853855
28 46 -0.099750794
29 46 -0.097688265
30 46 -0.09569433
31 46 -0.093955785
32 46 -0.09238154
33 46 -0.09083928
34 46 -0.08933975
35 46 -0.08807239
36 46 -0.086796984
37 46 -0.08532186
38 46 -0.08411481
39 46 -0.08307598
40 46 -0.08198368
41 46 -0.081039816
42 46 -0.08012232
43 46 -0.07928222
44 46 -0.07848191
45 46 -0.07800339
46 46 -0.07773434
47 46 -0.07810349
48 46 -0.07933959
49 46 -0.08142068
50 46 -0.08434944
51 46 -0.08804456
52 46 -0.09241987
53 46 -0.0972488
54 46 -0.10218003
55 46 -0.10686443
56 46 -0.11150781
57 46 -0.1155296
58 46 -0.11936291
59 46 -0.12375531
60 46 -0.1271013
60 47 -0.1300137
59 47 -0.13261531
58 47 -0.13467662
57 47 -0.1363573
56 47 -0.13770571
55 47 -0.13883147
54 47 -0.13975286
53 47 -0.14058492
52 47 -0.14091256
51 47 -0.13712294
50 47 -0.13700649
49 47 -0.13982563
48 47 -0.14067134
47 47 -0.14079878
46 47 -0.14078853
45 47 -0.1403459
44 47 -0.13976654
43 47 -0.13912688
42 47 -0.13827848
41 47 -0.137246
40 47 -0.13562024
39 47 -0.13408287
38 47 -0.13226545
37 47 -0.13206819
36 47 -0.12878127
35 47 -0.12679344
34 47 -0.1266074
33 47 -0.12371063
32 47 -0.1210458
31 47 -0.11863365
30 47 -0.11626838
29 47 -0.11323708
28 47 -0.11117406
27 47 -0.110793196
26 47 -0.10839204
25 47 -0.10449867
24 47 -0.10343469
23 47 -0.101520844
22 47 -0.096963644
21 47 -0.095538326
20 47 -0.09641212
19 47 -0.09553613
18 47 -0.09378391
17 47 -0.093737274
16 47 -0.092965044
15 47 -0.091676205
14 47 -0.09191425
13 47 -0.09302657
12 47 -0.094537094
11 47 -0.09815922
10 47 -0.102796
9 47 -0.1078161
8 47 -0.11350369
7 47 -0.120392956
6 47 -0.12246037
5 47 -0.12899539
4 47 -0.13066557
3 47 -0.13314901
2 47 -0.13767715
1 47 -0.1395534
0 47 -0.14300023
0 48 -0.14516263
1 48 -0.14719269
2 48 -0.14905159
3 48 -0.1499813
4 48 -0.15068932
5 48 -0.15079258
6 48 -0.15028648
7 48 -0.15055552
8 48 -0.15070714
9 48 -0.15107262
10 48 -0.15143445
11 48 -0.15162097
12 48 -0.1521554
13 48 -0.1521991
14 48 -0.15186463
15 48 -0.15094152
16 48 -0.15004674
17 48 -0.14880086
18 48 -0.1471314
19 48 -0.1450972
20 48 -0.1429182
21 48 -0.14078243
22 48 -0.1385783
23 48 -0.13647328
24 48 -0.13428232
25 48 -0.13216437
26 48 -0.12959817
27 48 -0.12745556
28 48 -0.125467
29 48 -0.12350091
30 48 -0.121523835
31 48 -0.11962707
32 48 -0.117707126
33 48 -0.115773015
34 48 -0.11400077
35 48 -0.11247218
36 48 -0.1107639
37 48 -0.10927364
38 48 -0.10751825
39 48 -0.10603654
40 48 -0.10479262
41 48 -0.10330871
42 48 -0.10205625
43 48 -0.100887775
44 48 -0.09993537
45 48 -0.09899614
46 48 -0.09881914
47 48 -0.09881474
48 48 -0.09914654
49 48 -0.10004206
50 48 -0.101659514
51 48 -0.10346374
52 48 -0.109276086
53 48 -0.10668743
54 48 -0.11732016
55 48 -0.1152232
56 48 -0.1254985
57 48 -0.121792875
58 48 -0.12729223
59 48 -0.13453501
60 48 -0.13639393
60 49 -0.13940424
59 49 -0.1420903
58 49 -0.14415284
57 49 -0.14644071
56 49 -0.14763434
55 49 -0.14852034
54 49 -0.1493353
53 49 -0.1525292
52 49 -0.14772247
51 49 -0.14945151
50 49 -0.15744455
49 49 -0.1488995
48 49 -0.14822322
47 49 -0.14725225
46 49 -0.14647807
45 49 -0.14560525
44 49 -0.14440969
43 49 -0.14331079
42 49 -0.14172824
41 49 -0.14019306
40 49 -0.13773233
39 49 -0.13578479
38 49 -0.13345028
37 49 -0.13095927
36 49 -0.12843117
35 49 -0.12641697
34 49 -0.12484566
33 49 -0.12242546
32 49 -0.117888525
31 49 -0.11619611
30 49 -0.11519634
29 49 -0.112854265
28 49 -0.11106933
27 49 -0.10916354
26 49 -0.10731073
25 49 -0.10581778
24 49 -0.10439735
23 49 -0.103311636
22 49 -0.1022374
21 49 -0.101219565
20 49 -0.102140725
19 49 -0.09935308
18 49 -0.100702226
17 49 -0.107042894
16 49 -0.10429237
15 49 -0.10383777
14 49 -0.10670329
13 49 -0.105388574
12 49 -0.11108129
11 49 -0.11842759
10 49 -0.12631224
9 49 -0.13023734
8 49 -0.13561682
7 49 -0.140248
6 49 -0.14476955
5 49 -0.14777887
4 49 -0.15058067
3 49 -0.15340884
2 49 -0.15590106
1 49 -0.1581865
0 49 -0.16033912
0 50 -0.16205546
1 50 -0.16357648
2 50 -0.164722
3 50 -0.16570713
4 50 -0.16614683
5 50 -0.16631797
6 50 -0.1663087
7 50 -0.16642125
8 50 -0.16459358
9 50 -0.17404905
10 50 -0.16198905
11 50 -0.16105276
12 50 -0.16168167
13 50 -0.16268168
14 50 -0.16176127
15 50 -0.16045338
16 50 -0.16009206
17 50 -0.15729879
18 50 -0.15496574
19 50 -0.15676022
20 50 -0.15239564
21 50 -0.15669478
22 50 -0.1482928
23 50 -0.14211057
24 50 -0.14260985
25 50 -0.14266282
26 50 -0.13693984
27 50 -0.13580604
28 50 -0.13530408
29 50 -0.13476354
30 50 -0.1348424
31 50 -0.13686
32 50 -0.13913226
33 50 -0.13988104
34 50 -0.13418199
35 50 -0.12857203
36 50 -0.12506466
37 50 -0.12665111
38 50 -0.12484176
39 50 -0.11997132
40 50 -0.11980408
41 50 -0.119446166
42 50 -0.118949085
43 50 -0.11859483
44 50 -0.11851158
45 50 -0.11824668
46 50 -0.11824693
47 50 -0.11834434
48 50 -0.11879747
49 50 -0.11922863
50 50 -0.119722776
51 50 -0.12087099
52 50 -0.122029945
53 50 -0.12355413
54 50 -0.12562081
55 50 -0.12795898
56 50 -0.13057011
57 50 -0.1333597
58 50 -0.1361781
59 50 -0.13920891
60 50 -0.14272435
60 51 -0.14523342
59 51 -0.14752276
58 51 -0.14932919
57 51 -0.15081602
56 51 -0.15189344
55 51 -0.15276748
54 51 -0.15328823
53 51 -0.1535856
52 51 -0.15366568
51 51 -0.15333487
50 51 -0.15355973
49 51 -0.15300478
48 51 -0.1525038
47 51 -0.15195642
46 51 -0.1509381
45 51 -0.14999375
44 51 -0.14935213
43 51 -0.14856355
42 51 -0.14788483
41 51 -0.1469732
40 51 -0.14682378
39 51 -0.14811042
38 51 -0.14429004
37 51 -0.14291112
36 51 -0.1493016
35 51 -0.14059004
34 51 -0.13868377
33 51 -0.13676918
32 51 -0.13568811
31 51 -0.13422666
30 51 -0.13294393
29 51 -0.13145587
28 51 -0.12974711
27 51 -0.12847096
26 51 -0.12713647
25 51 -0.12561129
24 51 -0.12423579
23 51 -0.12315936
22 51 -0.12307195
21 51 -0.12361688
20 51 -0.12469771
19 51 -0.12603098
18 51 -0.1276582
17 51 -0.13002738
16 51 -0.13184185
15 51 -0.13378671
14 51 -0.13533044
13 51 -0.13683364
12 51 -0.13878997
11 51 -0.1404311
10 51 -0.14222263
9 51 -0.1439585
8 51 -0.14600125
7 51 -0.1481944
6 51 -0.15104528
5 51 -0.15340908
4 51 -0.1559809
3 51 -0.15833835
2 51 -0.16078909
1 51 -0.1628709
0 51 -0.16484945
0 52 -0.16687584
1 52 -0.16814417
2 52 -0.16920693
3 52 -0.16989347
4 52 -0.17015494
5 52 -0.17050432
6 52 -0.17040813
7 52 -0.16986515
8 52 -0.16957974
9 52 -0.16885391
10 52 -0.16831264
11 52 -0.16769764
12 52 -0.16651085
13 52 -0.1655875
14 52 -0.16441146
15 52 -0.16353765
16 52 -0.16252886
17 52 -0.16159183
18 52 -0.16057545
19 52 -0.1598064
20 52 -0.15887792
21 52 -0.15804173
22 52 -0.15712741
23 52 -0.15620552
24 52 -0.15505706
25 52 -0.15338638
26 52 -0.15186438
27 52 -0.1499918
28 52 -0.1486407
29 52 -0.14760406
30 52 -0.1468499
31 52 -0.14600639
32 52 -0.14523855
33 52 -0.14446266
34 52 -0.14353125
35 52 -0.14266673
36 52 -0.14205393
37 52 -0.14044185
38 52 -0.13943695
39 52 -0.13869181
40 52 -0.1382592
41 52 -0.13813029
42 52 -0.13815886
43 52 -0.13842082
44 52 -0.1388068
45 52 -0.1393598
46 52 -0.14013031
47 52 -0.14085689
48 52 -0.14184445
49 52 -0.14279808
50 52 -0.14379321
51 52 -0.14482814
52 52 -0.14597562
53 52 -0.14723273
54 52 -0.14923763
55 52 -0.15051378
56 52 -0.15240297
57 52 -0.15419401
58 52 -0.15592499
59 52 -0.15799876
60 52 -0.15979394
60 53 -0.16201761
59 53 -0.16344391
58 53 -0.16484115
57 53 -0.1657728
56 53 -0.16661754
55 53 -0.16726819
54 53 -0.16773523
53 53 -0.16800477
52 53 -0.16803528
51 53 -0.16794446
50 53 -0.16745447
49 53 -0.16692589
48 53 -0.16624986
47 53 -0.1656854
46 53 -0.16486068
45 53 -0.16404817
44 53 -0.16349958
43 53 -0.16261333
42 53 -0.16195364
41 53 -0.16130252
40 53 -0.16066799
39 53 -0.15989845
38 53 -0.15921874
37 53 -0.15871972
36 53 -0.15812863
35 53 -0.15746164
34 53 -0.1567297
33 53 -0.15608174
32 53 -0.15547699
31 53 -0.15474504
30 53 -0.15424137
29 53 -0.1535436
28 53 -0.15317105
27 53 -0.15275991
26 53 -0.15221864
25 53 -0.15161511
24 53 -0.15105724
23 53 -0.15076476
22 53 -0.15099181
21 53 -0.15119909
20 53 -0.15144983
19 53 -0.15200232
18 53 -0.15234266
17 53 -0.15269789
16 53 -0.15337783
15 53 -0.15380874
14 53 -0.1545463
13 53 -0.15555975
12 53 -0.15662935
11 53 -0.15764645
10 53 -0.15902148
9 53 -0.1600874
8 53 -0.16129982
7 53 -0.16226836
6 53 -0.16290922
5 53 -0.16338922
4 53 -0.16362824
3 53 -0.16397126
2 53 -0.16472274
1 53 -0.16593467
0 53 -0.1676903
0 54 -0.16984366
1 54 -0.17150457
2 54 -0.17048015
3 54 -0.17266084
4 54 -0.1738513
5 54 -0.17841874
6 54 -0.1719765
7 54 -0.16840664
8 54 -0.17172846
9 54 -0.16903163
10 54 -0.16828577
11 54 -0.1681974
12 54 -0.1679801
13 54 -0.1675448
14 54 -0.16732873
15 54 -0.16680627
16 54 -0.16677721
17 54 -0.16743176
18 54 -0.16860512
19 54 -0.1781475
20 54 -0.17070134
21 54 -0.1605818
22 54 -0.16072634
23 54 -0.16120632
24 54 -0.16056593
25 54 -0.16014332
26 54 -0.15932666
27 54 -0.15889281
28 54 -0.15844944
29 54 -0.15789768
30 54 -0.1571943
31 54 -0.1569709
32 54 -0.15653291
33 54 -0.15703097
34 54 -0.15536517
35 54 -0.15479998
36 54 -0.15414591
37 54 -0.15382242
38 54 -0.15258022
39 54 -0.15146302
40 54 -0.15165979
41 54 -0.15177917
42 54 -0.15187658
43 54 -0.15186511
44 54 -0.1516383
45 54 -0.15225208
46 54 -0.15221937
47 54 -0.15263295
48 54 -0.15485442
49 54 -0.15520379
50 54 -0.14962168
51 54 -0.1517218
52 54 -0.15707809
53 54 -0.16435261
54 54 -0.15959302
55 54 -0.16047463
56 54 -0.16164969
57 54 -0.16319342
58 54 -0.16505305
59 54 -0.16698083
60 54 -0.1705678
60 55 -0.1719289
59 55 -0.173009
58 55 -0.17326096
57 55 -0.17410691
56 55 -0.17481615
55 55 -0.17527124
54 55 -0.17576954
53 55 -0.17587183
52 55 -0.17590919
51 55 -0.1758816
50 55 -0.175656
49 55 -0.17534985
48 55 -0.17485106
47 55 -0.1742871
46 55 -0.17356662
45 55 -0.17280416
44 55 -0.17202948
43 55 -0.17098747
42 55 -0.17020914
41 55 -0.16946085
40 55 -0.16844106
39 55 -0.1676864
38 55 -0.1668546
37 55 -0.1661544
36 55 -0.16561948
35 55 -0.16517782
34 55 -0.16476937
33 55 -0.16421394
32 55 -0.16398542
31 55 -0.16363458
30 55 -0.16342218
29 55 -0.1632608
28 55 -0.16301396
27 55 -0.1631231
26 55 -0.16294976
25 55 -0.16294073
24 55 -0.16276446
23 55 -0.16245487
22 55 -0.16231547
21 55 -0.16241533
20 55 -0.16231816
19 55 -0.16241239
18 55 -0.16270366
17 55 -0.16357599
16 55 -0.16459529
15 55 -0.16601841
14 55 -0.16748743
13 55 -0.16919132
12 55 -0.17103752
11 55 -0.17300288
10 55 -0.17674708
9 55 -0.1776221
8 55 -0.17902666
7 55 -0.18012092
6 55 -0.18117195
5 55 -0.18171445
4 55 -0.18214267
3 55 -0.1820128
2 55 -0.18219028
1 55 -0.18231505
0 55 -0.18250816
0 56 -0.18277258
1 56 -0.18307872
2 56 -0.1832069
3 56 -0.18333948
4 56 -0.18340051
5 56 -0.18344323
6 56 -0.18343738
7 56 -0.18345056
8 56 -0.1834928
9 56 -0.18331067
10 56 -0.183349
11 56 -0.18319836
12 56 -0.1831986
13 56 -0.18309386
14 56 -0.18296812
15 56 -0.18277258
16 56 -0.18255846
17 56 -0.18215318
18 56 -0.18194565
19 56 -0.18150327
20 56 -0.18098739
21 56 -0.1804725
22 56 -0.17986237
23 56 -0.17921661
24 56 -0.1785203
25 56 -0.17773344
26 56 -0.17710134
27 56 -0.17629103
28 56 -0.17564721
29 56 -0.17497216
30 56 -0.17438646
31 56 -0.17381565
32 56 -0.17334543
33 56 -0.17297213
34 56 -0.17251705
35 56 -0.1722099
36 56 -0.17170697
37 56 -0.17143646
38 56 -0.17088397
39 56 -0.17039861
40 56 -0.1699899
41 56 -0.16940151
42 56 -0.16898623
43 56 -0.16853993
44 56 -0.16797693
45 56 -0.16728015
46 56 -0.16660386
47 56 -0.16586167
48 56 -0.16696447
49 56 -0.16745545
50 56 -0.16689928
51 56 -0.16697691
52 56 -0.16734704
53 56 -0.16790345
54 56 -0.16916054
55 56 -0.17057121
56 56 -0.17202435
57 56 -0.1727961
58 56 -0.1754104
59 56 -0.17504613
60 56 -0.17743313
60 57 -0.18112509
59 57 -0.18171445
58 57 -0.17984675
57 57 -0.18226695
56 57 -0.18337414
55 57 -0.1838905
54 57 -0.18410975
53 57 -0.18404017
52 57 -0.18397449
51 57 -0.183443
50 57 -0.1830609
49 57 -0.18262681
48 57 -0.18214732
47 57 -0.18156967
46 57 -0.18099105
45 57 -0.1804449
44 57 -0.17962702
43 57 -0.1792088
42 57 -0.178898
41 57 -0.17856987
40 57 -0.17806351
39 57 -0.17767093
38 57 -0.17745072
37 57 -0.1774031
36 57 -0.17755374
35 57 -0.17753299
34 57 -0.17753446
33 57 -0.1776851
32 57 -0.17773905
31 57 -0.17764969
30 57 -0.17738943
29 57 -0.1775701
28 57 -0.17755325
27 57 -0.17748293
26 57 -0.17731497
25 57 -0.17713504
24 57 -0.17700979
23 57 -0.1768262
22 57 -0.17650393
21 57 -0.17614087
20 57 -0.17548414
19 57 -0.1750161
18 57 -0.17456664
17 57 -0.17417479
16 57 -0.17397386
15 57 -0.17404783
14 57 -0.17423728
13 57 -0.17471166
12 57 -0.1748618
11 57 -0.17559765
10 57 -0.17632374
9 57 -0.17787015
8 57 -0.17868096
7 57 -0.17964728
6 57 -0.18086386
5 57 -0.18153696
4 57 -0.18218149
3 57 -0.18286413
2 57 -0.18353064
1 57 -0.18407704
0 57 -0.1843639
0 58 -0.18477821
1 58 -0.1848373
2 58 -0.18557902
3 58 -0.1857211
4 58 -0.18595842
5 58 -0.18585587
6 58 -0.18546963
7 58 -0.18522744
8 58 -0.185215
9 58 -0.1852726
10 58 -0.18514931
11 58 -0.18502992
12 58 -0.1847665
13 58 -0.1845431
14 58 -0.18426746
15 58 -0.18399306
16 58 -0.18368103
17 58 -0.18343298
18 58 -0.18297668
19 58 -0.18276818
20 58 -0.18187949
21 58 -0.18162827
22 58 -0.18113583
23 58 -0.18078378
24 58 -0.18055013
25 58 -0.18228306
26 58 -0.18056478
27 58 -0.17816849
28 58 -0.17723587
29 58 -0.17708498
30 58 -0.1765984
31 58 -0.17634767
32 58 -0.17580079
33 58 -0.175323
34 58 -0.17499144
35 58 -0.17461522
36 58 -0.17450023
37 58 -0.17432298
38 58 -0.17453709
39 58 -0.17502001
40 58 -0.17550854
41 58 -0.17600928
42 58 -0.17672634
43 58 -0.17784086
44 58 -0.1789859
45 58 -0.17997272
46 58 -0.18092611
47 58 -0.1816212
48 58 -0.18187852
49 58 -0.18203843
50 58 -0.18234044
51 58 -0.18329798
52 58 -0.18460707
53 58 -0.18362194
54 58 -0.18467787
55 58 -0.18574917
56 58 -0.18680364
57 58 -0.18509488
58 58 -0.18462196
59 58 -0.18618962
60 58 -0.18701239
60 59 -0.18774018
59 59 -0.1886506
58 59 -0.18958786
57 59 -0.19034691
56 59 -0.19064647
55 59 -0.19070922
54 59 -0.19083495
53 59 -0.19058226
52 59 -0.19045043
51 59 -0.19036278
50 59 -0.19056176
49 59 -0.1899531
48 59 -0.18981028
47 59 -0.18832661
46 59 -0.18941696
45 59 -0.18725336
44 59 -0.18661515
43 59 -0.18633854
42 59 -0.18597476
41 59 -0.18573844
40 59 -0.185746
39 59 -0.18441322
38 59 -0.18555997
37 59 -0.18365979
36 59 -0.18445253
35 59 -0.18258531
34 59 -0.1875456
33 59 -0.1837594
32 59 -0.18284923
31 59 -0.1826488
30 59 -0.18203379
29 59 -0.18163827
28 59 -0.18119931
27 59 -0.18076399
26 59 -0.18025617
25 59 -0.17967609
24 59 -0.1793604
23 59 -0.17911993
22 59 -0.17900127
21 59 -0.17864263
20 59 -0.17875688
19 59 -0.17844023
18 59 -0.17853227
17 59 -0.1790108
16 59 -0.17972223
15 59 -0.18053523
14 59 -0.18180943
13 59 -0.1832738
12 59 -0.18476991
11 59 -0.1861049
10 59 -0.18795331
9 59 -0.1896926
8 59 -0.19144848
7 59 -0.1926177
6 59 -0.19423246
5 59 -0.19523688
4 59 -0.19620466
3 59 -0.19689095
2 59 -0.19743685
1 59 -0.19779429
0 59 -0.19809702
0 60 -0.19821177
1 60 -0.19831139
2 60 -0.1982567
3 60 -0.19833726
4 60 -0.19828379
5 60 -0.19833897
6 60 -0.19816685
7 60 -0.1980587
8 60 -0.19796152
9 60 -0.1978336
10 60 -0.19744541
11 60 -0.19713192
12 60 -0.19702889
13 60 -0.19649152
14 60 -0.19617586
15 60 -0.19579084
16 60 -0.19527666
17 60 -0.1947586
18 60 -0.1940938
19 60 -0.19352591
20 60 -0.1926631
21 60 -0.19193482
22 60 -0.19101562
23 60 -0.19019553
24 60 -0.18940744
25 60 -0.18855269
26 60 -0.18776459
27 60 -0.18697967
28 60 -0.18645208
29 60 -0.18588614
30 60 -0.18540274
31 60 -0.18502188
32 60 -0.18438172
33 60 -0.18392445
34 60 -0.18341394
35 60 -0.1830111
36 60 -0.18255456
37 60 -0.18182944
38 60 -0.1814183
39 60 -0.18082502
40 60 -0.18005939
41 60 -0.17940533
42 60 -0.1788023
43 60 -0.1784102
44 60 -0.1785374
45 60 -0.17850249
46 60 -0.17846757
47 60 -0.1786431
48 60 -0.17919049
49 60 -0.18022566
50 60 -0.18131137
51 60 -0.18230991
52 60 -0.1832108
53 60 -0.18388441
54 60 -0.18469423
55 60 -0.18559952
56 60 -0.18644328
57 60 -0.18741742
58 60 -0.18838057
59 60 -0.18986692
60 60 -0.19077928
