  -1000.00000      -1000.00000                  NaN
  -1000.00000      -900.000000                  NaN
  -1000.00000      -800.000000                  NaN
  -1000.00000      -700.000000                  NaN
  -1000.00000      -600.000000                  NaN
  -1000.00000      -500.000000                  NaN
  -1000.00000      -400.000000                  NaN
  -1000.00000      -300.000000                  NaN
  -1000.00000      -200.000000                  NaN
  -1000.00000      -100.000000                  NaN
  -1000.00000       0.00000000       5.25003634E-26
  -1000.00000       100.000000                  NaN
  -1000.00000       200.000000                  NaN
  -1000.00000       300.000000                  NaN
  -1000.00000       400.000000                  NaN
  -1000.00000       500.000000                  NaN
  -1000.00000       600.000000                  NaN
  -1000.00000       700.000000                  NaN
  -1000.00000       800.000000                  NaN
  -1000.00000       900.000000                  NaN
  -1000.00000       1000.00000                  NaN
  -900.000000      -1000.00000                  NaN
  -900.000000      -900.000000                  NaN
  -900.000000      -800.000000                  NaN
  -900.000000      -700.000000                  NaN
  -900.000000      -600.000000                  NaN
  -900.000000      -500.000000                  NaN
  -900.000000      -400.000000                  NaN
  -900.000000      -300.000000                  NaN
  -900.000000      -200.000000                  NaN
  -900.000000      -100.000000                  NaN
  -900.000000       0.00000000       2.74064453E-20
  -900.000000       100.000000                  NaN
  -900.000000       200.000000                  NaN
  -900.000000       300.000000                  NaN
  -900.000000       400.000000                  NaN
  -900.000000       500.000000                  NaN
  -900.000000       600.000000                  NaN
  -900.000000       700.000000                  NaN
  -900.000000       800.000000                  NaN
  -900.000000       900.000000                  NaN
  -900.000000       1000.00000                  NaN
  -800.000000      -1000.00000                  NaN
  -800.000000      -900.000000                  NaN
  -800.000000      -800.000000                  NaN
  -800.000000      -700.000000                  NaN
  -800.000000      -600.000000                  NaN
  -800.000000      -500.000000                  NaN
  -800.000000      -400.000000                  NaN
  -800.000000      -300.000000                  NaN
  -800.000000      -200.000000                  NaN
  -800.000000      -100.000000                  NaN
  -800.000000       0.00000000       3.75044632E-15
  -800.000000       100.000000                  NaN
  -800.000000       200.000000                  NaN
  -800.000000       300.000000                  NaN
  -800.000000       400.000000                  NaN
  -800.000000       500.000000                  NaN
  -800.000000       600.000000                  NaN
  -800.000000       700.000000                  NaN
  -800.000000       800.000000                  NaN
  -800.000000       900.000000                  NaN
  -800.000000       1000.00000                  NaN
  -700.000000      -1000.00000                  NaN
  -700.000000      -900.000000                  NaN
  -700.000000      -800.000000                  NaN
  -700.000000      -700.000000                  NaN
  -700.000000      -600.000000                  NaN
  -700.000000      -500.000000                  NaN
  -700.000000      -400.000000                  NaN
  -700.000000      -300.000000                  NaN
  -700.000000      -200.000000                  NaN
  -700.000000      -100.000000                  NaN
  -700.000000       0.00000000                  NaN
  -700.000000       100.000000                  NaN
  -700.000000       200.000000                  NaN
  -700.000000       300.000000                  NaN
  -700.000000       400.000000                  NaN
  -700.000000       500.000000                  NaN
  -700.000000       600.000000                  NaN
  -700.000000       700.000000                  NaN
  -700.000000       800.000000                  NaN
  -700.000000       900.000000                  NaN
  -700.000000       1000.00000                  NaN
  -600.000000      -1000.00000                  NaN
  -600.000000      -900.000000                  NaN
  -600.000000      -800.000000                  NaN
  -600.000000      -700.000000                  NaN
  -600.000000      -600.000000                  NaN
  -600.000000      -500.000000                  NaN
  -600.000000      -400.000000                  NaN
  -600.000000      -300.000000                  NaN
  -600.000000      -200.000000                  NaN
  -600.000000      -100.000000                  NaN
  -600.000000       0.00000000                  NaN
  -600.000000       100.000000                  NaN
  -600.000000       200.000000                  NaN
  -600.000000       300.000000                  NaN
  -600.000000       400.000000                  NaN
  -600.000000       500.000000                  NaN
  -600.000000       600.000000                  NaN
  -600.000000       700.000000                  NaN
  -600.000000       800.000000                  NaN
  -600.000000       900.000000                  NaN
  -600.000000       1000.00000                  NaN
  -500.000000      -1000.00000                  NaN
  -500.000000      -900.000000                  NaN
  -500.000000      -800.000000                  NaN
  -500.000000      -700.000000                  NaN
  -500.000000      -600.000000                  NaN
  -500.000000      -500.000000                  NaN
  -500.000000      -400.000000                  NaN
  -500.000000      -300.000000                  NaN
  -500.000000      -200.000000                  NaN
  -500.000000      -100.000000                  NaN
  -500.000000       0.00000000                  NaN
  -500.000000       100.000000                  NaN
  -500.000000       200.000000                  NaN
  -500.000000       300.000000                  NaN
  -500.000000       400.000000                  NaN
  -500.000000       500.000000                  NaN
  -500.000000       600.000000                  NaN
  -500.000000       700.000000                  NaN
  -500.000000       800.000000                  NaN
  -500.000000       900.000000                  NaN
  -500.000000       1000.00000                  NaN
  -400.000000      -1000.00000                  NaN
  -400.000000      -900.000000                  NaN
  -400.000000      -800.000000                  NaN
  -400.000000      -700.000000                  NaN
  -400.000000      -600.000000                  NaN
  -400.000000      -500.000000                  NaN
  -400.000000      -400.000000                  NaN
  -400.000000      -300.000000                  NaN
  -400.000000      -200.000000                  NaN
  -400.000000      -100.000000                  NaN
  -400.000000       0.00000000                  NaN
  -400.000000       100.000000                  NaN
  -400.000000       200.000000                  NaN
  -400.000000       300.000000                  NaN
  -400.000000       400.000000                  NaN
  -400.000000       500.000000                  NaN
  -400.000000       600.000000                  NaN
  -400.000000       700.000000                  NaN
  -400.000000       800.000000                  NaN
  -400.000000       900.000000                  NaN
  -400.000000       1000.00000                  NaN
  -300.000000      -1000.00000                  NaN
  -300.000000      -900.000000                  NaN
  -300.000000      -800.000000                  NaN
  -300.000000      -700.000000                  NaN
  -300.000000      -600.000000                  NaN
  -300.000000      -500.000000                  NaN
  -300.000000      -400.000000                  NaN
  -300.000000      -300.000000                  NaN
  -300.000000      -200.000000                  NaN
  -300.000000      -100.000000                  NaN
  -300.000000       0.00000000      0.789801419    
  -300.000000       100.000000                  NaN
  -300.000000       200.000000                  NaN
  -300.000000       300.000000                  NaN
  -300.000000       400.000000                  NaN
  -300.000000       500.000000                  NaN
  -300.000000       600.000000                  NaN
  -300.000000       700.000000                  NaN
  -300.000000       800.000000                  NaN
  -300.000000       900.000000                  NaN
  -300.000000       1000.00000                  NaN
  -200.000000      -1000.00000                  NaN
  -200.000000      -900.000000                  NaN
  -200.000000      -800.000000                  NaN
  -200.000000      -700.000000                  NaN
  -200.000000      -600.000000                  NaN
  -200.000000      -500.000000                  NaN
  -200.000000      -400.000000                  NaN
  -200.000000      -300.000000                  NaN
  -200.000000      -200.000000                  NaN
  -200.000000      -100.000000                  NaN
  -200.000000       0.00000000      0.997091889    
  -200.000000       100.000000                  NaN
  -200.000000       200.000000                  NaN
  -200.000000       300.000000                  NaN
  -200.000000       400.000000                  NaN
  -200.000000       500.000000                  NaN
  -200.000000       600.000000                  NaN
  -200.000000       700.000000                  NaN
  -200.000000       800.000000                  NaN
  -200.000000       900.000000                  NaN
  -200.000000       1000.00000                  NaN
  -100.000000      -1000.00000                  NaN
  -100.000000      -900.000000                  NaN
  -100.000000      -800.000000                  NaN
  -100.000000      -700.000000                  NaN
  -100.000000      -600.000000                  NaN
  -100.000000      -500.000000                  NaN
  -100.000000      -400.000000                  NaN
  -100.000000      -300.000000                  NaN
  -100.000000      -200.000000                  NaN
  -100.000000      -100.000000                  NaN
  -100.000000       0.00000000       1.00000000    
  -100.000000       100.000000                  NaN
  -100.000000       200.000000                  NaN
  -100.000000       300.000000                  NaN
  -100.000000       400.000000                  NaN
  -100.000000       500.000000                  NaN
  -100.000000       600.000000                  NaN
  -100.000000       700.000000                  NaN
  -100.000000       800.000000                  NaN
  -100.000000       900.000000                  NaN
  -100.000000       1000.00000                  NaN
   0.00000000      -1000.00000                  NaN
   0.00000000      -900.000000       1.20534846E-21
   0.00000000      -800.000000                  NaN
   0.00000000      -700.000000                  NaN
   0.00000000      -600.000000                  NaN
   0.00000000      -500.000000                  NaN
   0.00000000      -400.000000                  NaN
   0.00000000      -300.000000                  NaN
   0.00000000      -200.000000      0.996705949    
   0.00000000      -100.000000                  NaN
   0.00000000       0.00000000       0.00000000    
   0.00000000       100.000000                  NaN
   0.00000000       200.000000      0.997845650    
   0.00000000       300.000000                  NaN
   0.00000000       400.000000                  NaN
   0.00000000       500.000000                  NaN
   0.00000000       600.000000                  NaN
   0.00000000       700.000000                  NaN
   0.00000000       800.000000                  NaN
   0.00000000       900.000000       6.23150207E-19
   0.00000000       1000.00000                  NaN
   100.000000      -1000.00000                  NaN
   100.000000      -900.000000                  NaN
   100.000000      -800.000000                  NaN
   100.000000      -700.000000                  NaN
   100.000000      -600.000000                  NaN
   100.000000      -500.000000                  NaN
   100.000000      -400.000000                  NaN
   100.000000      -300.000000                  NaN
   100.000000      -200.000000                  NaN
   100.000000      -100.000000                  NaN
   100.000000       0.00000000       1.00000000    
   100.000000       100.000000                  NaN
   100.000000       200.000000                  NaN
   100.000000       300.000000                  NaN
   100.000000       400.000000                  NaN
   100.000000       500.000000                  NaN
   100.000000       600.000000                  NaN
   100.000000       700.000000                  NaN
   100.000000       800.000000                  NaN
   100.000000       900.000000                  NaN
   100.000000       1000.00000                  NaN
   200.000000      -1000.00000                  NaN
   200.000000      -900.000000                  NaN
   200.000000      -800.000000                  NaN
   200.000000      -700.000000                  NaN
   200.000000      -600.000000                  NaN
   200.000000      -500.000000                  NaN
   200.000000      -400.000000                  NaN
   200.000000      -300.000000                  NaN
   200.000000      -200.000000                  NaN
   200.000000      -100.000000                  NaN
   200.000000       0.00000000      0.999317765    
   200.000000       100.000000                  NaN
   200.000000       200.000000                  NaN
   200.000000       300.000000                  NaN
   200.000000       400.000000                  NaN
   200.000000       500.000000                  NaN
   200.000000       600.000000                  NaN
   200.000000       700.000000                  NaN
   200.000000       800.000000                  NaN
   200.000000       900.000000                  NaN
   200.000000       1000.00000                  NaN
   300.000000      -1000.00000                  NaN
   300.000000      -900.000000                  NaN
   300.000000      -800.000000                  NaN
   300.000000      -700.000000                  NaN
   300.000000      -600.000000                  NaN
   300.000000      -500.000000                  NaN
   300.000000      -400.000000                  NaN
   300.000000      -300.000000                  NaN
   300.000000      -200.000000                  NaN
   300.000000      -100.000000                  NaN
   300.000000       0.00000000      0.946021020    
   300.000000       100.000000                  NaN
   300.000000       200.000000                  NaN
   300.000000       300.000000                  NaN
   300.000000       400.000000                  NaN
   300.000000       500.000000                  NaN
   300.000000       600.000000                  NaN
   300.000000       700.000000                  NaN
   300.000000       800.000000                  NaN
   300.000000       900.000000                  NaN
   300.000000       1000.00000                  NaN
   400.000000      -1000.00000                  NaN
   400.000000      -900.000000                  NaN
   400.000000      -800.000000                  NaN
   400.000000      -700.000000                  NaN
   400.000000      -600.000000                  NaN
   400.000000      -500.000000                  NaN
   400.000000      -400.000000                  NaN
   400.000000      -300.000000                  NaN
   400.000000      -200.000000                  NaN
   400.000000      -100.000000                  NaN
   400.000000       0.00000000      0.628972352    
   400.000000       100.000000                  NaN
   400.000000       200.000000                  NaN
   400.000000       300.000000                  NaN
   400.000000       400.000000                  NaN
   400.000000       500.000000                  NaN
   400.000000       600.000000                  NaN
   400.000000       700.000000                  NaN
   400.000000       800.000000                  NaN
   400.000000       900.000000                  NaN
   400.000000       1000.00000                  NaN
   500.000000      -1000.00000                  NaN
   500.000000      -900.000000                  NaN
   500.000000      -800.000000                  NaN
   500.000000      -700.000000                  NaN
   500.000000      -600.000000                  NaN
   500.000000      -500.000000                  NaN
   500.000000      -400.000000                  NaN
   500.000000      -300.000000                  NaN
   500.000000      -200.000000                  NaN
   500.000000      -100.000000                  NaN
   500.000000       0.00000000       5.67340329E-02
   500.000000       100.000000                  NaN
   500.000000       200.000000                  NaN
   500.000000       300.000000                  NaN
   500.000000       400.000000                  NaN
   500.000000       500.000000                  NaN
   500.000000       600.000000                  NaN
   500.000000       700.000000                  NaN
   500.000000       800.000000                  NaN
   500.000000       900.000000                  NaN
   500.000000       1000.00000                  NaN
   600.000000      -1000.00000                  NaN
   600.000000      -900.000000                  NaN
   600.000000      -800.000000                  NaN
   600.000000      -700.000000                  NaN
   600.000000      -600.000000                  NaN
   600.000000      -500.000000                  NaN
   600.000000      -400.000000                  NaN
   600.000000      -300.000000                  NaN
   600.000000      -200.000000                  NaN
   600.000000      -100.000000                  NaN
   600.000000       0.00000000       5.61866982E-05
   600.000000       100.000000                  NaN
   600.000000       200.000000                  NaN
   600.000000       300.000000                  NaN
   600.000000       400.000000                  NaN
   600.000000       500.000000                  NaN
   600.000000       600.000000                  NaN
   600.000000       700.000000                  NaN
   600.000000       800.000000                  NaN
   600.000000       900.000000                  NaN
   600.000000       1000.00000                  NaN
   700.000000      -1000.00000                  NaN
   700.000000      -900.000000                  NaN
   700.000000      -800.000000                  NaN
   700.000000      -700.000000                  NaN
   700.000000      -600.000000                  NaN
   700.000000      -500.000000                  NaN
   700.000000      -400.000000                  NaN
   700.000000      -300.000000                  NaN
   700.000000      -200.000000                  NaN
   700.000000      -100.000000                  NaN
   700.000000       0.00000000       1.45869068E-08
   700.000000       100.000000                  NaN
   700.000000       200.000000                  NaN
   700.000000       300.000000                  NaN
   700.000000       400.000000                  NaN
   700.000000       500.000000                  NaN
   700.000000       600.000000                  NaN
   700.000000       700.000000                  NaN
   700.000000       800.000000                  NaN
   700.000000       900.000000                  NaN
   700.000000       1000.00000                  NaN
   800.000000      -1000.00000                  NaN
   800.000000      -900.000000                  NaN
   800.000000      -800.000000                  NaN
   800.000000      -700.000000                  NaN
   800.000000      -600.000000                  NaN
   800.000000      -500.000000                  NaN
   800.000000      -400.000000                  NaN
   800.000000      -300.000000                  NaN
   800.000000      -200.000000                  NaN
   800.000000      -100.000000                  NaN
   800.000000       0.00000000       9.92734324E-13
   800.000000       100.000000                  NaN
   800.000000       200.000000                  NaN
   800.000000       300.000000                  NaN
   800.000000       400.000000                  NaN
   800.000000       500.000000                  NaN
   800.000000       600.000000                  NaN
   800.000000       700.000000                  NaN
   800.000000       800.000000                  NaN
   800.000000       900.000000                  NaN
   800.000000       1000.00000                  NaN
   900.000000      -1000.00000                  NaN
   900.000000      -900.000000                  NaN
   900.000000      -800.000000                  NaN
   900.000000      -700.000000                  NaN
   900.000000      -600.000000                  NaN
   900.000000      -500.000000                  NaN
   900.000000      -400.000000                  NaN
   900.000000      -300.000000                  NaN
   900.000000      -200.000000                  NaN
   900.000000      -100.000000                  NaN
   900.000000       0.00000000       1.41687899E-17
   900.000000       100.000000                  NaN
   900.000000       200.000000                  NaN
   900.000000       300.000000                  NaN
   900.000000       400.000000                  NaN
   900.000000       500.000000                  NaN
   900.000000       600.000000                  NaN
   900.000000       700.000000                  NaN
   900.000000       800.000000                  NaN
   900.000000       900.000000                  NaN
   900.000000       1000.00000                  NaN
   1000.00000      -1000.00000                  NaN
   1000.00000      -900.000000                  NaN
   1000.00000      -800.000000                  NaN
   1000.00000      -700.000000                  NaN
   1000.00000      -600.000000                  NaN
   1000.00000      -500.000000                  NaN
   1000.00000      -400.000000                  NaN
   1000.00000      -300.000000                  NaN
   1000.00000      -200.000000                  NaN
   1000.00000      -100.000000                  NaN
   1000.00000       0.00000000       5.30117999E-23
   1000.00000       100.000000                  NaN
   1000.00000       200.000000                  NaN
   1000.00000       300.000000                  NaN
   1000.00000       400.000000                  NaN
   1000.00000       500.000000                  NaN
   1000.00000       600.000000                  NaN
   1000.00000       700.000000                  NaN
   1000.00000       800.000000                  NaN
   1000.00000       900.000000                  NaN
   1000.00000       1000.00000                  NaN
