           0           0 -0.277853817    
         100           0 -0.267649800    
         200           0 -0.263374001    
         300           0 -0.262541234    
         400           0 -0.262048453    
         500           0 -0.261572152    
         600           0 -0.265877098    
         700           0 -0.256728441    
         800           0 -0.261357933    
         900           0 -0.261260122    
        1000           0 -0.265993983    
        1100           0 -0.261997879    
        1200           0 -0.265847147    
        1300           0 -0.268271923    
        1400           0 -0.270946681    
        1500           0 -0.272670150    
        1600           0 -0.275735855    
        1700           0 -0.277524501    
        1800           0 -0.279383063    
        1900           0 -0.273103476    
        2000           0 -0.286455363    
        2000         100 -0.279853106    
        1900         100 -0.273357242    
        1800         100 -0.273525417    
        1700         100 -0.275202304    
        1600         100 -0.275042802    
        1500         100 -0.276139438    
        1400         100 -0.277939141    
        1300         100 -0.278589487    
        1200         100 -0.281470627    
        1100         100 -0.282371849    
        1000         100 -0.282290637    
         900         100 -0.288683385    
         800         100 -0.289708585    
         700         100 -0.292056203    
         600         100 -0.288763642    
         500         100 -0.297304839    
         400         100 -0.299250633    
         300         100 -0.303033203    
         200         100 -0.302068502    
         100         100 -0.285336137    
           0         100 -0.307936579    
           0         200 -0.302458912    
         100         200 -0.296635091    
         200         200 -0.290690124    
         300         200 -0.289038181    
         400         200 -0.288126379    
         500         200 -0.288385063    
         600         200 -0.287768602    
         700         200 -0.288249761    
         800         200 -0.288976192    
         900         200 -0.289090574    
        1000         200 -0.286288768    
        1100         200 -0.290145338    
        1200         200 -0.290362448    
        1300         200 -0.291463941    
        1400         200 -0.293299258    
        1500         200 -0.295128226    
        1600         200 -0.296153724    
        1700         200 -0.298143983    
        1800         200 -0.299849719    
        1900         200 -0.301369190    
        2000         200 -0.304710627    
        2000         300 -0.300214499    
        1900         300 -0.293869436    
        1800         300 -0.294538438    
        1700         300 -0.294487476    
        1600         300 -0.294669479    
        1500         300 -0.293555021    
        1400         300 -0.293328822    
        1300         300 -0.292608052    
        1200         300 -0.293071777    
        1100         300 -0.292101115    
        1000         300 -0.291860700    
         900         300 -0.290970206    
         800         300 -0.291135371    
         700         300 -0.291186333    
         600         300 -0.288049132    
         500         300 -0.291140139    
         400         300 -0.292441905    
         300         300 -0.291454703    
         200         300 -0.291813672    
         100         300 -0.292040855    
           0         300 -0.292051047    
           0         400 -0.291066378    
         100         400 -0.290881902    
         200         400 -0.290931672    
         300         400 -0.291298538    
         400         400 -0.290084988    
         500         400 -0.289553255    
         600         400 -0.288454592    
         700         400 -0.287326425    
         800         400 -0.286586195    
         900         400 -0.286151081    
        1000         400 -0.286338031    
        1100         400 -0.284557641    
        1200         400 -0.285891503    
        1300         400 -0.288455784    
        1400         400 -0.289610922    
        1500         400 -0.291169941    
        1600         400 -0.293165356    
        1700         400 -0.295115024    
        1800         400 -0.297361165    
        1900         400 -0.299386680    
        2000         400 -0.301497281    
        2000         500 -0.293220788    
        1900         500 -0.286228508    
        1800         500 -0.285473466    
        1700         500 -0.284584165    
        1600         500 -0.284075946    
        1500         500 -0.280861855    
        1400         500 -0.278781950    
        1300         500 -0.277510345    
        1200         500 -0.276462644    
        1100         500 -0.275690913    
        1000         500 -0.273348898    
         900         500 -0.272495359    
         800         500 -0.272664338    
         700         500 -0.273531735    
         600         500 -0.275076479    
         500         500 -0.275847673    
         400         500 -0.277876407    
         300         500 -0.279546440    
         200         500 -0.280814677    
         100         500 -0.282198548    
           0         500 -0.283680320    
           0         600 -0.281595588    
         100         600 -0.278099030    
         200         600 -0.277048796    
         300         600 -0.277046472    
         400         600 -0.276611209    
         500         600 -0.275784492    
         600         600 -0.274022371    
         700         600 -0.272265136    
         800         600 -0.270688295    
         900         600 -0.269609541    
        1000         600 -0.269015789    
        1100         600 -0.269354194    
        1200         600 -0.271043092    
        1300         600 -0.274239033    
        1400         600 -0.276658982    
        1500         600 -0.279412031    
        1600         600 -0.281577468    
        1700         600 -0.283832252    
        1800         600 -0.286530912    
        1900         600 -0.288181216    
        2000         600 -0.290010184    
        2000         700 -0.282662123    
        1900         700 -0.276250839    
        1800         700 -0.276910365    
        1700         700 -0.276787132    
        1600         700 -0.276214182    
        1500         700 -0.273480326    
        1400         700 -0.271761328    
        1300         700 -0.270192623    
        1200         700 -0.268197417    
        1100         700 -0.265663475    
        1000         700 -0.259720981    
         900         700 -0.258394092    
         800         700 -0.257704914    
         700         700 -0.261324555    
         600         700 -0.265379459    
         500         700 -0.270020515    
         400         700 -0.274263978    
         300         700 -0.278196782    
         200         700 -0.280007720    
         100         700 -0.279085338    
           0         700 -0.294438303    
           0         800 -0.279923975    
         100         800 -0.267598987    
         200         800 -0.291644394    
         300         800 -0.250302613    
         400         800 -0.274286866    
         500         800 -0.270688891    
         600         800 -0.269520044    
         700         800 -0.262176841    
         800         800 -0.254520684    
         900         800 -0.248973593    
        1000         800 -0.249946192    
        1100         800 -0.254721403    
        1200         800 -0.260653108    
        1300         800 -0.266715199    
        1400         800 -0.271028340    
        1500         800 -0.273669213    
        1600         800 -0.275427997    
        1700         800 -0.281135887    
        1800         800 -0.281433910    
        1900         800 -0.283639878    
        2000         800 -0.284819514    
        2000         900 -0.277493954    
        1900         900 -0.273014665    
        1800         900 -0.274190962    
        1700         900 -0.274705589    
        1600         900 -0.274049789    
        1500         900 -0.273858517    
        1400         900 -0.271951318    
        1300         900 -0.268230945    
        1200         900 -0.261711180    
        1100         900 -0.248856992    
        1000         900 -0.230240673    
         900         900 -0.223005936    
         800         900 -0.231088996    
         700         900 -0.247733071    
         600         900 -0.258999527    
         500         900 -0.268584698    
         400         900 -0.274857491    
         300         900 -0.277019352    
         200         900 -0.281471223    
         100         900 -0.283195972    
           0         900 -0.286201149    
           0        1000 -0.282087535    
         100        1000 -0.272866786    
         200        1000 -0.268605113    
         300        1000 -0.271186292    
         400        1000 -0.271433800    
         500        1000 -0.271039218    
         600        1000 -0.264968932    
         700        1000 -0.246819630    
         800        1000 -0.222840309    
         900        1000 -0.212969333    
        1000        1000 -0.227389485    
        1100        1000 -0.242346451    
        1200        1000 -0.256703645    
        1300        1000 -0.265373647    
        1400        1000 -0.270205289    
        1500        1000 -0.273082316    
        1600        1000 -0.276041538    
        1700        1000 -0.278142244    
        1800        1000 -0.280994177    
        1900        1000 -0.281367451    
        2000        1000 -0.283476174    
        2000        1100 -0.275893360    
        1900        1100 -0.272467434    
        1800        1100 -0.274414331    
        1700        1100 -0.276076257    
        1600        1100 -0.276929051    
        1500        1100 -0.275477976    
        1400        1100 -0.273456782    
        1300        1100 -0.267376453    
        1200        1100 -0.252718925    
        1100        1100 -0.227882341    
        1000        1100 -0.204758048    
         900        1100 -0.211267844    
         800        1100 -0.227103978    
         700        1100 -0.247192308    
         600        1100 -0.264681041    
         500        1100 -0.278376102    
         400        1100 -0.284562856    
         300        1100 -0.286317527    
         200        1100 -0.286398977    
         100        1100 -0.286732674    
           0        1100 -0.290542543    
           0        1200 -0.285461098    
         100        1200 -0.279226214    
         200        1200 -0.274188429    
         300        1200 -0.275973737    
         400        1200 -0.276337415    
         500        1200 -0.273892045    
         600        1200 -0.266336858    
         700        1200 -0.246666372    
         800        1200 -0.222883672    
         900        1200 -0.220725164    
        1000        1200 -0.232085735    
        1100        1200 -0.253167152    
        1200        1200 -0.269035548    
        1300        1200 -0.274701715    
        1400        1200 -0.276871175    
        1500        1200 -0.278332382    
        1600        1200 -0.281224459    
        1700        1200 -0.283159614    
        1800        1200 -0.285438448    
        1900        1200 -0.288126379    
        2000        1200 -0.288683385    
        2000        1300 -0.282522142    
        1900        1300 -0.278006405    
        1800        1300 -0.279817492    
        1700        1300 -0.281325281    
        1600        1300 -0.282163918    
        1500        1300 -0.281649143    
        1400        1300 -0.280655384    
        1300        1300 -0.276834667    
        1200        1300 -0.268306196    
        1100        1300 -0.251976311    
        1000        1300 -0.233485699    
         900        1300 -0.236250982    
         800        1300 -0.252671242    
         700        1300 -0.268248916    
         600        1300 -0.278016478    
         500        1300 -0.290046990    
         400        1300 -0.294188559    
         300        1300 -0.296146572    
         200        1300 -0.296737313    
         100        1300 -0.297914654    
           0        1300 -0.302284420    
           0        1400 -0.289458334    
         100        1400 -0.294246137    
         200        1400 -0.285728633    
         300        1400 -0.287071377    
         400        1400 -0.287217051    
         500        1400 -0.286833405    
         600        1400 -0.283534884    
         700        1400 -0.277491421    
         800        1400 -0.269174039    
         900        1400 -0.264610052    
        1000        1400 -0.267783999    
        1100        1400 -0.276438296    
        1200        1400 -0.284128189    
        1300        1400 -0.287852943    
        1400        1400 -0.290602356    
        1500        1400 -0.292889774    
        1600        1400 -0.296520799    
        1700        1400 -0.299202263    
        1800        1400 -0.301194549    
        1900        1400 -0.303250402    
        2000        1400 -0.305198282    
        2000        1500 -0.302098304    
        1900        1500 -0.295687377    
        1800        1500 -0.295752943    
        1700        1500 -0.297454059    
        1600        1500 -0.298370481    
        1500        1500 -0.299114645    
        1400        1500 -0.299269319    
        1300        1500 -0.298718810    
        1200        1500 -0.296330959    
        1100        1500 -0.292553216    
        1000        1500 -0.287837386    
         900        1500 -0.287227988    
         800        1500 -0.291317701    
         700        1500 -0.296561182    
         600        1500 -0.301102400    
         500        1500 -0.307553560    
         400        1500 -0.312864393    
         300        1500 -0.316613227    
         200        1500 -0.316726178    
         100        1500 -0.318139195    
           0        1500 -0.322047532    
           0        1600 -0.318170637    
         100        1600 -0.316336155    
         200        1600 -0.306711942    
         300        1600 -0.308816195    
         400        1600 -0.309520274    
         500        1600 -0.309370220    
         600        1600 -0.309215635    
         700        1600 -0.308406562    
         800        1600 -0.306797087    
         900        1600 -0.306054205    
        1000        1600 -0.308374316    
        1100        1600 -0.304525107    
        1200        1600 -0.311615616    
        1300        1600 -0.312705934    
        1400        1600 -0.315827936    
        1500        1600 -0.318281710    
        1600        1600 -0.324199259    
        1700        1600 -0.324144810    
        1800        1600 -0.326081663    
        1900        1600 -0.326910913    
        2000        1600 -0.328661203    
        2000        1700 -0.326812565    
        1900        1700 -0.319662839    
        1800        1700 -0.320213884    
        1700        1700 -0.321557075    
        1600        1700 -0.321757793    
        1500        1700 -0.321743488    
        1400        1700 -0.322199464    
        1300        1700 -0.321872979    
        1200        1700 -0.321898013    
        1100        1700 -0.321151316    
        1000        1700 -0.320127606    
         900        1700 -0.320109129    
         800        1700 -0.321284533    
         700        1700 -0.322583914    
         600        1700 -0.324396640    
         500        1700 -0.327410996    
         400        1700 -0.330682248    
         300        1700 -0.332614481    
         200        1700 -0.331551582    
         100        1700 -0.336646587    
           0        1700 -0.338251442    
           0        1800 -0.336247236    
         100        1800 -0.332500935    
         200        1800 -0.329490155    
         300        1800 -0.331739932    
         400        1800 -0.328495204    
         500        1800 -0.329425186    
         600        1800 -0.329925418    
         700        1800 -0.329994261    
         800        1800 -0.329680145    
         900        1800 -0.330102146    
        1000        1800 -0.329775512    
        1100        1800 -0.330791920    
        1200        1800 -0.335675329    
        1300        1800 -0.331757218    
        1400        1800 -0.334311724    
        1500        1800 -0.335815698    
        1600        1800 -0.337782353    
        1700        1800 -0.339671969    
        1800        1800 -0.340929478    
        1900        1800 -0.342025757    
        2000        1800 -0.343612432    
        2000        1900 -0.342122167    
        1900        1900 -0.341495872    
        1800        1900 -0.338993967    
        1700        1900 -0.339714289    
        1600        1900 -0.338115692    
        1500        1900 -0.339220762    
        1400        1900 -0.339273512    
        1300        1900 -0.339407623    
        1200        1900 -0.339942724    
        1100        1900 -0.339828134    
        1000        1900 -0.340681225    
         900        1900 -0.341312140    
         800        1900 -0.342028737    
         700        1900 -0.342700183    
         600        1900 -0.343304276    
         500        1900 -0.344838947    
         400        1900 -0.346225798    
         300        1900 -0.347104669    
         200        1900 -0.347537994    
         100        1900 -0.347526222    
           0        1900 -0.348968208    
           0        2000 -0.348835588    
         100        2000 -0.349056870    
         200        2000 -0.346950591    
         300        2000 -0.346729308    
         400        2000 -0.346439928    
         500        2000 -0.346455276    
         600        2000 -0.344595015    
         700        2000 -0.346329510    
         800        2000 -0.347095877    
         900        2000 -0.346550494    
        1000        2000 -0.346792936    
        1100        2000 -0.347227454    
        1200        2000 -0.348407030    
        1300        2000 -0.345478207    
        1400        2000 -0.350086838    
        1500        2000 -0.350157022    
        1600        2000 -0.350240618    
        1700        2000 -0.351911634    
        1800        2000 -0.351315141    
        1900        2000 -0.354228765    
        2000        2000 -0.356101096    
