           0           0 -0.277853847    
         100           0 -0.269690633    
         200           0 -0.265861809    
         300           0 -0.264698029    
         400           0 -0.263872504    
         500           0 -0.263126612    
         600           0 -0.266259670    
         700           0 -0.258864284    
         800           0 -0.262140751    
         900           0 -0.261905909    
        1000           0 -0.265563846    
        1100           0 -0.262452960    
        1200           0 -0.265441418    
        1300           0 -0.267462373    
        1400           0 -0.269764066    
        1500           0 -0.271379411    
        1600           0 -0.274090111    
        1700           0 -0.275850177    
        1800           0 -0.277671933    
        1900           0 -0.272990465    
        2000           0 -0.283694565    
        2000         100 -0.278964996    
        1900         100 -0.273945868    
        1800         100 -0.273962736    
        1700         100 -0.275216818    
        1600         100 -0.275086284    
        1500         100 -0.275954843    
        1400         100 -0.277431548    
        1300         100 -0.278053343    
        1200         100 -0.280465484    
        1100         100 -0.281387568    
        1000         100 -0.281519413    
         900         100 -0.286787868    
         800         100 -0.287987113    
         700         100 -0.290209532    
         600         100 -0.287944794    
         500         100 -0.294941545    
         400         100 -0.296970844    
         300         100 -0.300452888    
         200         100 -0.300197124    
         100         100 -0.287185550    
           0         100 -0.304896057    
           0         200 -0.301122069    
         100         200 -0.296730399    
         200         200 -0.291955352    
         300         200 -0.290380716    
         400         200 -0.289382815    
         500         200 -0.289338470    
         600         200 -0.288654566    
         700         200 -0.288862348    
         800         200 -0.289321005    
         900         200 -0.289343536    
        1000         200 -0.287051558    
        1100         200 -0.289984226    
        1200         200 -0.290190160    
        1300         200 -0.291105747    
        1400         200 -0.292645693    
        1500         200 -0.294239581    
        1600         200 -0.295237660    
        1700         200 -0.297013104    
        1800         200 -0.298603892    
        1900         200 -0.300068617    
        2000         200 -0.303001881    
        2000         300 -0.299746752    
        1900         300 -0.294764280    
        1800         300 -0.295120478    
        1700         300 -0.294963300    
        1600         300 -0.295013785    
        1500         300 -0.294053316    
        1400         300 -0.293772697    
        1300         300 -0.293107390    
        1200         300 -0.293378472    
        1100         300 -0.292540550    
        1000         300 -0.292260408    
         900         300 -0.291468024    
         800         300 -0.291500568    
         700         300 -0.291468322    
         600         300 -0.288902164    
         500         300 -0.291204333    
         400         300 -0.292232931    
         300         300 -0.291485012    
         200         300 -0.291766167    
         100         300 -0.291957378    
           0         300 -0.291982234    
           0         400 -0.291208267    
         100         400 -0.291032314    
         200         400 -0.291042030    
         300         400 -0.291313529    
         400         400 -0.290339708    
         500         400 -0.289863348    
         600         400 -0.288922429    
         700         400 -0.287926316    
         800         400 -0.287214160    
         900         400 -0.286740422    
        1000         400 -0.286772132    
        1100         400 -0.285261035    
        1200         400 -0.286187470    
        1300         400 -0.288179636    
        1400         400 -0.289159000    
        1500         400 -0.290496647    
        1600         400 -0.292227626    
        1700         400 -0.293974936    
        1800         400 -0.295999885    
        1900         400 -0.297892511    
        2000         400 -0.299879849    
        2000         500 -0.293582201    
        1900         500 -0.287916064    
        1800         500 -0.286974549    
        1700         500 -0.285962820    
        1600         500 -0.285280585    
        1500         500 -0.282468319    
        1400         500 -0.280483127    
        1300         500 -0.279125631    
        1200         500 -0.277964473    
        1100         500 -0.277046680    
        1000         500 -0.274901927    
         900         500 -0.273908496    
         800         500 -0.273761034    
         700         500 -0.274235606    
         600         500 -0.275330663    
         500         500 -0.275896788    
         400         500 -0.277509928    
         300         500 -0.278919220    
         200         500 -0.280059278    
         100         500 -0.281317472    
           0         500 -0.282679141    
           0         600 -0.281211555    
         100         600 -0.278491139    
         200         600 -0.277572513    
         300         600 -0.277465940    
         400         600 -0.277033806    
         500         600 -0.276287913    
         600         600 -0.274777532    
         700         600 -0.273220718    
         800         600 -0.271768153    
         900         600 -0.270689130    
        1000         600 -0.269998312    
        1100         600 -0.270072520    
        1200         600 -0.271279931    
        1300         600 -0.273789346    
        1400         600 -0.275815248    
        1500         600 -0.278186440    
        1600         600 -0.280163884    
        1700         600 -0.282250404    
        1800         600 -0.284725726    
        1900         600 -0.286407053    
        2000         600 -0.288225055    
        2000         700 -0.282703638    
        1900         700 -0.277566314    
        1800         700 -0.277830839    
        1700         700 -0.277548194    
        1600         700 -0.276937604    
        1500         700 -0.274605870    
        1400         700 -0.273005545    
        1300         700 -0.271501720    
        1200         700 -0.269643784    
        1100         700 -0.267327368    
        1000         700 -0.262240529    
         900         700 -0.260675132    
         800         700 -0.259667635    
         700         700 -0.262170792    
         600         700 -0.265245438    
         500         700 -0.268985093    
         400         700 -0.272586942    
         300         700 -0.276068568    
         200         700 -0.277943015    
         100         700 -0.277618051    
           0         700 -0.290193915    
           0         800 -0.279431343    
         100         800 -0.269669890    
         200         800 -0.288491964    
         300         800 -0.256049097    
         400         800 -0.274087191    
         500         800 -0.271248698    
         600         800 -0.270201683    
         700         800 -0.264190793    
         800         800 -0.257663131    
         900         800 -0.252596915    
        1000         800 -0.252650380    
        1100         800 -0.255929708    
        1200         800 -0.260433435    
        1300         800 -0.265326977    
        1400         800 -0.269055128    
        1500         800 -0.271562517    
        1600         800 -0.273390889    
        1700         800 -0.278364658    
        1800         800 -0.279157281    
        1900         800 -0.281377435    
        2000         800 -0.282773614    
        2000         900 -0.277322352    
        1900         900 -0.273773193    
        1800         900 -0.274562597    
        1700         900 -0.274899960    
        1600         900 -0.274336457    
        1500         900 -0.274126053    
        1400         900 -0.272546887    
        1300         900 -0.269451439    
        1200         900 -0.263991535    
        1100         900 -0.253252149    
        1000         900 -0.237480044    
         900         900 -0.230244398    
         800         900 -0.235263169    
         700         900 -0.247743547    
         600         900 -0.256754637    
         500         900 -0.264871716    
         400         900 -0.270632625    
         300         900 -0.273207068    
         200         900 -0.277531028    
         100         900 -0.279698849    
           0         900 -0.282802463    
           0        1000 -0.280191302    
         100        1000 -0.273193955    
         200        1000 -0.269719183    
         300        1000 -0.271561265    
         400        1000 -0.271684349    
         500        1000 -0.271318555    
         600        1000 -0.266406417    
         700        1000 -0.251599491    
         800        1000 -0.231460094    
         900        1000 -0.221839309    
        1000        1000 -0.231601417    
        1100        1000 -0.242724657    
        1200        1000 -0.254134715    
        1300        1000 -0.261584520    
        1400        1000 -0.266207695    
        1500        1000 -0.269308865    
        1600        1000 -0.272430897    
        1700        1000 -0.274833560    
        1800        1000 -0.277776837    
        1900        1000 -0.278718948    
        2000        1000 -0.280935645    
        2000        1100 -0.275377512    
        1900        1100 -0.272739947    
        1800        1100 -0.274242997    
        1700        1100 -0.275606811    
        1600        1100 -0.276382923    
        1500        1100 -0.275331318    
        1400        1100 -0.273743629    
        1300        1100 -0.268822074    
        1200        1100 -0.256806910    
        1100        1100 -0.236119986    
        1000        1100 -0.215973079    
         900        1100 -0.218937874    
         800        1100 -0.230072796    
         700        1100 -0.245549679    
         600        1100 -0.259869218    
         500        1100 -0.271787643    
         400        1100 -0.278054714    
         300        1100 -0.280760109    
         200        1100 -0.281936765    
         100        1100 -0.283096194    
           0        1100 -0.286871314    
           0        1200 -0.283540428    
         100        1200 -0.278936625    
         200        1200 -0.274964333    
         300        1200 -0.276237428    
         400        1200 -0.276475668    
         500        1200 -0.274491727    
         600        1200 -0.268327653    
         700        1200 -0.252193093    
         800        1200 -0.232061625    
         900        1200 -0.228499174    
        1000        1200 -0.236032903    
        1100        1200 -0.252108574    
        1200        1200 -0.265015006    
        1300        1200 -0.270352006    
        1400        1200 -0.272957563    
        1500        1200 -0.274909258    
        1600        1200 -0.277907550    
        1700        1200 -0.280119061    
        1800        1200 -0.282550216    
        1900        1200 -0.285278261    
        2000        1200 -0.286293507    
        2000        1300 -0.281842470    
        1900        1300 -0.278365850    
        1800        1300 -0.279742837    
        1700        1300 -0.280964017    
        1600        1300 -0.281707168    
        1500        1300 -0.281386673    
        1400        1300 -0.280644178    
        1300        1300 -0.277589858    
        1200        1300 -0.270616055    
        1100        1300 -0.257090151    
        1000        1300 -0.241274893    
         900        1300 -0.241929293    
         800        1300 -0.253929853    
         700        1300 -0.266140223    
         600        1300 -0.274376035    
         500        1300 -0.284728527    
         400        1300 -0.289105535    
         300        1300 -0.291688561    
         200        1300 -0.293052793    
         100        1300 -0.294731557    
           0        1300 -0.298864007    
           0        1400 -0.289287210    
         100        1400 -0.293151677    
         200        1400 -0.286556602    
         300        1400 -0.287465215    
         400        1400 -0.287502944    
         500        1400 -0.287138820    
         600        1400 -0.284438968    
         700        1400 -0.279423356    
         800        1400 -0.272383094    
         900        1400 -0.268090129    
        1000        1400 -0.269933224    
        1100        1400 -0.276426792    
        1200        1400 -0.282581031    
        1300        1400 -0.285870314    
        1400        1400 -0.288466334    
        1500        1400 -0.290723443    
        1600        1400 -0.294061601    
        1700        1400 -0.296698570    
        1800        1400 -0.298793197    
        1900        1400 -0.300918102    
        2000        1400 -0.302942872    
        2000        1500 -0.300914049    
        1900        1500 -0.296022177    
        1800        1500 -0.296007633    
        1700        1500 -0.297317624    
        1600        1500 -0.298078060    
        1500        1500 -0.298731804    
        1400        1500 -0.298932135    
        1300        1500 -0.298559189    
        1200        1500 -0.296680808    
        1100        1500 -0.293588698    
        1000        1500 -0.289608955    
         900        1500 -0.288767099    
         800        1500 -0.291731060    
         700        1500 -0.295843124    
         600        1500 -0.299619734    
         500        1500 -0.305077195    
         400        1500 -0.309821129    
         300        1500 -0.313428879    
         200        1500 -0.314156115    
         100        1500 -0.315800548    
           0        1500 -0.319394946    
           0        1600 -0.316823959    
         100        1600 -0.315625668    
         200        1600 -0.308068514    
         300        1600 -0.309480548    
         400        1600 -0.309910893    
         500        1600 -0.309712768    
         600        1600 -0.309520602    
         700        1600 -0.308812380    
         800        1600 -0.307443619    
         900        1600 -0.306720018    
        1000        1600 -0.308442950    
        1100        1600 -0.305349886    
        1200        1600 -0.310857296    
        1300        1600 -0.311881244    
        1400        1600 -0.314543843    
        1500        1600 -0.316763639    
        1600        1600 -0.321801305    
        1700        1600 -0.322237372    
        1800        1600 -0.324168324    
        1900        1600 -0.325214446    
        2000        1600 -0.326953888    
        2000        1700 -0.325816512    
        1900        1700 -0.320295930    
        1800        1700 -0.320610106    
        1700        1700 -0.321605504    
        1600        1700 -0.321756363    
        1500        1700 -0.321745157    
        1400        1700 -0.322109699    
        1300        1700 -0.321866512    
        1200        1700 -0.321887732    
        1100        1700 -0.321292520    
        1000        1700 -0.320445299    
         900        1700 -0.320366979    
         800        1700 -0.321255684    
         700        1700 -0.322301030    
         600        1700 -0.323807716    
         500        1700 -0.326336980    
         400        1700 -0.329168856    
         300        1700 -0.331017256    
         200        1700 -0.330486476    
         100        1700 -0.334775448    
           0        1700 -0.336433530    
           0        1800 -0.335193872    
         100        1800 -0.332407475    
         200        1800 -0.330017507    
         300        1800 -0.331711888    
         400        1800 -0.329121709    
         500        1800 -0.329740405    
         600        1800 -0.330077529    
         700        1800 -0.330102205    
         800        1800 -0.329829335    
         900        1800 -0.330137074    
        1000        1800 -0.329868853    
        1100        1800 -0.330663204    
        1200        1800 -0.334595740    
        1300        1800 -0.331677198    
        1400        1800 -0.333736777    
        1500        1800 -0.335054994    
        1600        1800 -0.336780488    
        1700        1800 -0.338492513    
        1800        1800 -0.339734435    
        1900        1800 -0.340850472    
        2000        1800 -0.342354894    
        2000        1900 -0.341414094    
        1900        1900 -0.341054797    
        1800        1900 -0.339141369    
        1700        1900 -0.339688301    
        1600        1900 -0.338414550    
        1500        1900 -0.339238882    
        1400        1900 -0.339277387    
        1300        1900 -0.339383960    
        1200        1900 -0.339816689    
        1100        1900 -0.339750290    
        1000        1900 -0.340448260    
         900        1900 -0.340999603    
         800        1900 -0.341635466    
         700        1900 -0.342251301    
         600        1900 -0.342824340    
         500        1900 -0.344148040    
         400        1900 -0.345395803    
         300        1900 -0.346264839    
         200        1900 -0.346779466    
         100        1900 -0.346921802    
           0        1900 -0.348196268    
           0        2000 -0.348244548    
         100        2000 -0.348539710    
         200        2000 -0.346958160    
         300        2000 -0.346779704    
         400        2000 -0.346538067    
         500        2000 -0.346530795    
         600        2000 -0.345027447    
         700        2000 -0.346328616    
         800        2000 -0.346941829    
         900        2000 -0.346536398    
        1000        2000 -0.346733093    
        1100        2000 -0.347092748    
        1200        2000 -0.348063350    
        1300        2000 -0.345789075    
        1400        2000 -0.349413753    
        1500        2000 -0.349604487    
        1600        2000 -0.349781990    
        1700        2000 -0.351210475    
        1800        2000 -0.350873470    
        1900        2000 -0.353292823    
        2000        2000 -0.354977846    
