           0           0  -3.57055590E-02
          25           0  -3.66210863E-02
          50           0  -3.82385328E-02
          75           0  -3.66515964E-02
         100           0  -3.45764235E-02
         125           0  -3.59497145E-02
         150           0  -3.44238356E-02
         175           0  -3.82385328E-02
         200           0  -3.72619480E-02
         225           0  -3.64684984E-02
         250           0  -3.52783054E-02
         275           0  -3.27453688E-02
         300           0  -3.60717922E-02
         325           0  -3.76281813E-02
         350           0  -3.35388184E-02
         375           0  -3.35998386E-02
         400           0  -3.52172852E-02
         425           0  -3.70178297E-02
         450           0  -3.71704176E-02
         475           0  -3.30505446E-02
         500           0  -3.46069336E-02
         525           0  -3.75671238E-02
         550           0  -3.35083082E-02
         575           0  -3.17687839E-02
         600           0  -3.62854004E-02
         625           0  -3.67126539E-02
         650           0  -3.13720778E-02
         675           0  -3.64684984E-02
         700           0  -3.78417894E-02
         725           0  -3.35388184E-02
         750           0  -3.18298414E-02
         775           0  -3.72924954E-02
         800           0  -3.47900316E-02
         825           0  -3.10974121E-02
         850           0  -3.52783240E-02
         875           0  -3.83911207E-02
         900           0  -3.35693285E-02
         925           0  -3.12805101E-02
         950           0  -3.91540565E-02
         975           0  -3.35083082E-02
        1000           0  -3.15246657E-02
           0          50  -3.50646973E-02
          25          50  -3.47595215E-02
          50          50  -3.59497145E-02
          75          50  -3.26843113E-02
         100          50  -3.48815992E-02
         125          50  -3.24401930E-02
         150          50  -3.34167406E-02
         175          50  -3.35998572E-02
         200          50  -3.35083082E-02
         225          50  -3.31115648E-02
         250          50  -3.29895057E-02
         275          50  -3.22570764E-02
         300          50  -3.29895057E-02
         325          50  -3.25927809E-02
         350          50  -3.27758789E-02
         375          50  -3.17688026E-02
         400          50  -3.18908617E-02
         425          50  -3.17382738E-02
         450          50  -3.12805101E-02
         475          50  -3.17077637E-02
         500          50  -3.12805101E-02
         525          50  -3.11279222E-02
         550          50  -3.06701586E-02
         575          50  -3.04870605E-02
         600          50  -2.99987867E-02
         625          50  -3.00903358E-02
         650          50  -2.99072191E-02
         675          50  -2.91137695E-02
         700          50  -2.88696326E-02
         725          50  -2.92358473E-02
         750          50  -2.81372033E-02
         775          50  -2.90832594E-02
         800          50  -2.80151442E-02
         825          50  -2.83813402E-02
         850          50  -2.72827167E-02
         875          50  -2.79235765E-02
         900          50  -2.83508301E-02
         925          50  -2.67028753E-02
         950          50  -2.73437537E-02
         975          50  -2.59399358E-02
        1000          50  -2.68554632E-02
           0         100  -2.66113263E-02
          25         100  -2.47802716E-02
          50         100  -2.73437537E-02
          75         100  -2.52990741E-02
         100         100  -1.99890081E-02
         125         100  -2.54516620E-02
         150         100  -2.81677321E-02
         175         100  -1.89514235E-02
         200         100  -2.83203200E-02
         225         100  -2.03857515E-02
         250         100  -2.10876521E-02
         275         100  -2.70996187E-02
         300         100  -2.30712947E-02
         325         100  -2.10571233E-02
         350         100  -1.85546987E-02
         375         100  -2.25524921E-02
         400         100  -2.36511175E-02
         425         100  -1.72424279E-02
         450         100  -2.45361347E-02
         475         100  -2.16369648E-02
         500         100  -1.62963904E-02
         525         100  -2.38647442E-02
         550         100  -1.82189941E-02
         575         100  -1.80969164E-02
         600         100  -2.62451116E-02
         625         100  -1.38854943E-02
         650         100  -2.16064360E-02
         675         100  -2.37731952E-02
         700         100  -1.54724121E-02
         725         100  -2.58483868E-02
         750         100  -1.68762133E-02
         775         100  -2.03857329E-02
         800         100  -2.09350642E-02
         825         100  -1.78833082E-02
         850         100  -2.30712947E-02
         875         100  -1.78222694E-02
         900         100  -1.93481483E-02
         925         100  -2.28881780E-02
         950         100  -1.61132738E-02
         975         100  -2.32849028E-02
        1000         100  -1.87072679E-02
           0         150  -1.94396973E-02
          25         150  -1.88293457E-02
          50         150  -2.12097112E-02
          75         150  -2.07824763E-02
         100         150  -1.69372521E-02
         125         150  -2.24609431E-02
         150         150  -1.11694420E-02
         175         150  -2.37426665E-02
         200         150  -1.66015662E-02
         225         150  -1.32751437E-02
         250         150  -2.21557673E-02
         275         150  -1.48925707E-02
         300         150  -1.35803195E-02
         325         150  -2.07214374E-02
         350         150  -1.12304622E-02
         375         150  -1.99890081E-02
         400         150  -1.74865648E-02
         425         150  -1.13525400E-02
         450         150  -1.92565899E-02
         475         150  -1.58081073E-02
         500         150  -1.32141141E-02
         525         150  -1.83105431E-02
         550         150  -1.63269006E-02
         575         150  -1.29089383E-02
         600         150  -1.70898400E-02
         625         150  -1.74560547E-02
         650         150  -1.20544406E-02
         675         150  -1.95312463E-02
         700         150  -1.65100079E-02
         725         150  -1.22375479E-02
         750         150  -1.79138184E-02
         775         150  -1.77917499E-02
         800         150  -1.58081073E-02
         825         150  -1.23901358E-02
         850         150  -1.80969257E-02
         875         150  -1.77001916E-02
         900         150  -1.44958459E-02
         925         150  -1.43127479E-02
         950         150  -1.80969257E-02
         975         150  -1.73950158E-02
        1000         150  -1.29394578E-02
           0         200  -1.52893048E-02
          25         200  -1.65100079E-02
          50         200  -1.54113732E-02
          75         200  -1.41906701E-02
         100         200  -1.37634259E-02
         125         200  -1.42211895E-02
         150         200  -1.65710468E-02
         175         200  -1.36718769E-02
         200         200  -1.10778837E-02
         225         200  -1.58691369E-02
         250         200  -1.41601600E-02
         275         200  -1.07421884E-02
         300         200  -1.37023963E-02
         325         200  -1.63879395E-02
         350         200  -9.58252512E-03
         375         200  -1.39770526E-02
         400         200  -1.33667020E-02
         425         200  -1.33056631E-02
         450         200  -9.58252512E-03
         475         200  -1.31225558E-02
         500         200  -1.58386268E-02
         525         200  -1.18103037E-02
         550         200  -1.01013174E-02
         575         200  -1.09863253E-02
         600         200  -1.29089383E-02
         625         200  -1.47399921E-02
         650         200  -1.33972215E-02
         675         200  -9.46044736E-03
         700         200  -1.42822284E-02
         725         200  -1.53503437E-02
         750         200  -8.57543945E-03
         775         200  -1.33056631E-02
         800         200  -1.67236347E-02
         825         200  -8.57543945E-03
         850         200  -1.26953116E-02
         875         200  -1.75781231E-02
         900         200  -8.91113468E-03
         925         200  -1.51977558E-02
         950         200  -1.51367169E-02
         975         200  -1.07727079E-02
        1000         200  -1.29699679E-02
           0         250  -1.21154794E-02
          25         250  -1.63879395E-02
          50         250  -1.25427237E-02
          75         250  -7.65991211E-03
         100         250  -1.63269006E-02
         125         250  -6.07300410E-03
         150         250  -1.12304715E-02
         175         250  -1.54418927E-02
         200         250  -5.12695732E-03
         225         250  -1.66320764E-02
         250         250  -8.60595889E-03
         275         250  -7.04956055E-03
         300         250  -1.42211895E-02
         325         250  -4.45556734E-03
         350         250  -1.16882352E-02
         375         250  -1.17797842E-02
         400         250  -6.37817057E-03
         425         250  -1.35498000E-02
         450         250  -9.88769066E-03
         475         250  -4.30297945E-03
         500         250  -1.52587853E-02
         525         250  -4.79126256E-03
         550         250  -1.36718769E-02
         575         250  -5.79833845E-03
         600         250  -1.23596163E-02
         625         250  -1.22985868E-02
         650         250  -3.66210844E-03
         675         250  -1.64184589E-02
         700         250  -3.66210844E-03
         725         250  -1.12304715E-02
         750         250  -1.38244648E-02
         775         250  -4.45556734E-03
         800         250  -1.51672363E-02
         825         250  -6.25610212E-03
         850         250  -1.62353516E-02
         875         250  -2.22778833E-03
         900         250  -1.91040020E-02
         925         250  -3.57055943E-03
         950         250  -1.69067327E-02
         975         250  -3.57055943E-03
        1000         250  -1.78222600E-02
           0         300  -9.88769066E-03
          25         300  -1.04980422E-02
          50         300  -2.62451288E-03
          75         300  -1.71508789E-02
         100         300  -8.54497543E-04
         125         300  -1.61132831E-02
         150         300  -1.86157366E-03
         175         300  -1.69372521E-02
         200         300  -3.05194335E-05
         225         300  -1.52282659E-02
         250         300  -1.83105422E-03
         275         300  -1.48010217E-02
         300         300   1.06811500E-03
         325         300  -1.62048321E-02
         350         300  -2.13626714E-04
         375         300  -1.55029269E-02
         400         300   1.15966401E-03
         425         300  -1.33972168E-02
         450         300   9.15489873E-05
         475         300  -1.52282706E-02
         500         300   7.93454063E-04
         525         300  -1.17187500E-02
         550         300  -4.51660156E-03
         575         300  -1.36413584E-02
         600         300   1.00707612E-03
         625         300  -1.27258310E-02
         650         300  -4.42504790E-03
         675         300  -1.38549795E-02
         700         300   1.52587862E-04
         725         300  -1.67236291E-02
         750         300  -5.79836662E-04
         775         300  -1.56860333E-02
         800         300   8.85007670E-04
         825         300  -1.31530752E-02
         850         300  -2.74658133E-03
         875         300  -1.35192852E-02
         900         300  -8.94164946E-03
         925         300  -8.11767578E-03
         950         300  -8.72802734E-03
         975         300  -1.77002000E-03
        1000         300  -1.79138184E-02
           0         350  -7.23266788E-03
          25         350  -1.30310068E-02
          50         350  -1.09863444E-03
          75         350  -9.58252046E-03
         100         350  -8.30078311E-03
         125         350  -7.62939279E-04
         150         350  -1.62658654E-02
         175         350  -3.47900577E-03
         200         350  -7.01904111E-03
         225         350  -7.90405367E-03
         250         350   3.32641345E-03
         275         350  -1.14746084E-02
         300         350  -1.04675274E-02
         325         350   3.81469633E-03
         350         350  -1.43127432E-02
         375         350   1.34277123E-03
         400         350   3.05147769E-05
         425         350  -1.46179190E-02
         450         350   5.21850167E-03
         475         350  -8.27026367E-03
         500         350  -1.28478995E-02
         525         350   6.86645322E-03
         550         350  -9.52148158E-03
         575         350  -1.27258264E-02
         600         350   1.80053478E-03
         625         350  -7.17162900E-03
         650         350  -1.10168448E-02
         675         350   4.30297479E-03
         700         350  -4.11987212E-03
         725         350  -1.50146438E-02
         750         350   4.11987212E-03
         775         350  -6.77490002E-03
         800         350  -1.55029269E-02
         825         350  -4.63867467E-03
         850         350   1.92260323E-03
         875         350  -1.49841290E-02
         900         350  -5.58471633E-03
         925         350   2.71606189E-03
         950         350  -1.74560491E-02
         975         350   2.44136842E-04
        1000         350  -6.10351446E-04
           0         400  -4.63867001E-03
          25         400  -1.40991164E-02
          50         400  -7.01905054E-04
          75         400  -1.15051232E-02
         100         400   4.63867001E-03
         125         400  -1.44653311E-02
         150         400   3.78417689E-03
         175         400  -6.25610212E-03
         200         400  -1.00707980E-02
         225         400   6.50024367E-03
         250         400  -1.48925753E-02
         275         400   6.01196056E-03
         300         400  -9.03320312E-03
         325         400   1.77002000E-03
         350         400  -7.96508789E-03
         375         400  -6.53076312E-03
         400         400   5.46264322E-03
         425         400  -1.12304669E-02
         450         400   4.48608212E-03
         475         400  -1.01928692E-02
         500         400  -2.01416155E-03
         525         400   9.46044223E-04
         550         400  -5.27954055E-03
         575         400  -3.32641578E-03
         600         400  -8.48388579E-03
         625         400   5.06591611E-03
         650         400  -1.11083966E-02
         675         400   3.96728422E-03
         700         400  -1.29394503E-02
         725         400   4.39452846E-03
         750         400  -1.33666974E-02
         775         400   4.85229213E-03
         800         400  -1.80358868E-02
         825         400  -1.80053944E-03
         850         400  -1.21765137E-02
         875         400   2.62450823E-03
         900         400  -1.21459942E-02
         925         400  -9.15536439E-05
         950         400  -1.14746084E-02
         975         400   2.80761556E-03
        1000         400  -1.10168448E-02
           0         450  -5.21850633E-03
          25         450  -2.16674944E-03
          50         450  -4.91333054E-03
          75         450  -3.99780367E-03
         100         450  -2.99072289E-03
         125         450   5.49317221E-04
         150         450  -6.86645322E-03
         175         450   2.92968401E-03
         200         450  -9.76562314E-03
         225         450   3.35693290E-03
         250         450  -6.56127790E-03
         275         450  -3.50952055E-03
         300         450   3.84521345E-03
         325         450  -8.51440243E-03
         350         450  -5.18800109E-04
         375         450   2.22778134E-03
         400         450  -7.29369977E-03
         425         450   2.62451055E-03
         450         450  -7.62939279E-04
         475         450  -7.29369977E-03
         500         450   4.11987212E-03
         525         450  -4.02832078E-03
         550         450  -3.60107422E-03
         575         450   1.46484200E-03
         600         450  -6.37817290E-03
         625         450   2.13622072E-04
         650         450  -4.27246443E-04
         675         450  -6.04248000E-03
         700         450   2.10571289E-03
         725         450  -3.23486328E-03
         750         450  -6.40869001E-03
         775         450   1.83104959E-04
         800         450  -3.20434500E-03
         825         450  -4.51660156E-03
         850         450  -2.59399344E-03
         875         450  -4.57763555E-04
         900         450  -3.60107422E-03
         925         450  -5.85937500E-03
         950         450   1.12914923E-03
         975         450  -5.18798688E-03
        1000         450  -3.63159133E-03
           0         500  -1.70898461E-03
          25         500  -7.93457555E-04
          50         500  -2.22778367E-03
          75         500  -2.89916922E-03
         100         500  -3.93676711E-03
         125         500   2.25829962E-03
         150         500  -1.28173816E-03
         175         500  -2.16674828E-03
         200         500  -3.75366211E-03
         225         500   2.44140578E-03
         250         500  -1.70898461E-03
         275         500  -1.73950172E-03
         300         500  -8.54492886E-04
         325         500   1.95312384E-03
         350         500  -1.37329067E-03
         375         500  -1.40380894E-03
         400         500  -2.13623221E-04
         425         500   1.70898356E-03
         450         500   7.62939279E-04
         475         500  -1.83105422E-03
         500         500   7.93456391E-04
         525         500   3.05176873E-05
         550         500   1.31225528E-03
         575         500  -6.40869082E-04
         600         500  -1.58691395E-03
         625         500   1.22070167E-04
         650         500  -1.22070458E-04
         675         500   5.18798654E-04
         700         500  -1.52587856E-03
         725         500  -1.95312477E-03
         750         500   1.25122047E-03
         775         500  -7.01904180E-04
         800         500  -1.03759754E-03
         825         500  -2.62451125E-03
         850         500  -3.96728778E-04
         875         500  -9.76562500E-04
         900         500  -9.15530618E-05
         925         500  -1.86157192E-03
         950         500  -1.37329067E-03
         975         500  -1.73950172E-03
        1000         500   3.05175723E-04
           0         550  -2.44140625E-04
          25         550   9.76562209E-04
          50         550  -7.32421759E-04
          75         550   7.32421584E-04
         100         550  -9.15527708E-05
         125         550  -9.15527708E-05
         150         550   1.12915004E-03
         175         550   9.46044689E-04
         200         550   7.32421759E-04
         225         550   1.83105542E-04
         250         550   1.40380836E-03
         275         550   2.13623000E-03
         300         550   2.01415969E-03
         325         550  -2.74658029E-04
         350         550   2.38037086E-03
         375         550   2.56347633E-03
         400         550   1.52587856E-03
         425         550   1.89208961E-03
         450         550   2.28881789E-03
         475         550   1.80053711E-03
         500         550   2.16674828E-03
         525         550   1.95312500E-03
         550         550   2.01416039E-03
         575         550   1.15966867E-03
         600         550   2.04467750E-03
         625         550   1.49536144E-03
         650         550   1.49536144E-03
         675         550   1.49536144E-03
         700         550   2.10571289E-03
         725         550   3.05182693E-05
         750         550   1.09863328E-03
         775         550   1.37329067E-03
         800         550   1.06811500E-03
         825         550   1.34277355E-03
         850         550   1.03759789E-03
         875         550   7.01903889E-04
         900         550   6.40869664E-04
         925         550   8.85009998E-04
         950         550   8.54491780E-04
         975         550   2.13623221E-04
        1000         550   1.34277355E-03
           0         600   1.86157250E-03
          25         600   1.55639683E-03
          50         600   2.74658133E-03
          75         600   1.92260789E-03
         100         600   7.01905054E-04
         125         600   3.63159133E-03
         150         600   7.62939279E-04
         175         600   3.38745117E-03
         200         600   3.23486328E-03
         225         600   6.10351446E-04
         250         600   5.34057477E-03
         275         600   1.09863211E-03
         300         600   3.72314500E-03
         325         600   4.48608445E-03
         350         600   1.64794934E-03
         375         600   5.21850400E-03
         400         600   3.96728422E-03
         425         600   2.56347633E-03
         450         600   5.27954055E-03
         475         600   1.55639800E-03
         500         600   6.89697266E-03
         525         600   3.02124000E-03
         550         600   3.90625000E-03
         575         600   5.18798688E-03
         600         600   1.09863444E-03
         625         600   4.82177734E-03
         650         600   3.44848633E-03
         675         600   1.61743222E-03
         700         600   4.18090867E-03
         725         600   1.52587856E-03
         750         600   3.17382789E-03
         775         600   4.08935500E-03
         800         600   1.12915155E-03
         825         600   3.35693290E-03
         850         600   2.77710077E-03
         875         600   2.13623000E-03
         900         600   2.65503000E-03
         925         600   3.23486445E-03
         950         600   1.12915155E-03
         975         600   3.69262556E-03
        1000         600   1.95312500E-03
           0         650   3.41796922E-03
          25         650   1.58691511E-03
          50         650   3.54003999E-03
          75         650   2.65503000E-03
         100         650   3.81469633E-03
         125         650   3.57055711E-03
         150         650   3.90625000E-03
         175         650   3.66210844E-03
         200         650   4.91333054E-03
         225         650   2.92968866E-03
         250         650   4.08935500E-03
         275         650   5.37109422E-03
         300         650   3.72314500E-03
         325         650   4.33349656E-03
         350         650   5.61523344E-03
         375         650   3.66210844E-03
         400         650   5.46264555E-03
         425         650   5.61523344E-03
         450         650   3.32641578E-03
         475         650   6.59179734E-03
         500         650   2.86865444E-03
         525         650   4.85229446E-03
         550         650   6.43920945E-03
         575         650   2.99072289E-03
         600         650   5.88989211E-03
         625         650   4.51660156E-03
         650         650   4.51660156E-03
         675         650   3.60107422E-03
         700         650   3.20434500E-03
         725         650   6.13403367E-03
         750         650   2.04467634E-03
         775         650   4.85229446E-03
         800         650   4.30297945E-03
         825         650   2.47192499E-03
         850         650   5.03539899E-03
         875         650   3.60107422E-03
         900         650   2.92968866E-03
         925         650   4.63867234E-03
         950         650   2.56347633E-03
         975         650   3.32641578E-03
        1000         650   4.18090867E-03
           0         700   4.27246001E-03
          25         700   5.49316267E-03
          50         700   4.39453311E-03
          75         700   3.78418155E-03
         100         700   4.33349656E-03
         125         700   5.24902344E-03
         150         700   4.11987212E-03
         175         700   5.61523577E-03
         200         700   4.51660156E-03
         225         700   3.90625000E-03
         250         700   5.06591843E-03
         275         700   6.04248000E-03
         300         700   4.66918945E-03
         325         700   4.66918945E-03
         350         700   5.88989211E-03
         375         700   5.40160900E-03
         400         700   6.37817523E-03
         425         700   5.92041155E-03
         450         700   4.48608212E-03
         475         700   7.17162900E-03
         500         700   4.63867001E-03
         525         700   5.79833845E-03
         550         700   5.85937267E-03
         575         700   5.00488421E-03
         600         700   5.27954055E-03
         625         700   5.58471633E-03
         650         700   5.00488421E-03
         675         700   5.27954055E-03
         700         700   5.27954055E-03
         725         700   4.36401367E-03
         750         700   5.49316267E-03
         775         700   4.91333054E-03
         800         700   3.96728422E-03
         825         700   5.67627000E-03
         850         700   3.60107422E-03
         875         700   4.97436477E-03
         900         700   4.97436477E-03
         925         700   3.75366211E-03
         950         700   4.24194522E-03
         975         700   5.40160900E-03
        1000         700   3.63159366E-03
           0         750   5.09643322E-03
          25         750   4.79125790E-03
          50         750   5.37109422E-03
          75         750   4.79125790E-03
         100         750   5.37109422E-03
         125         750   4.79125790E-03
         150         750   5.67627000E-03
         175         750   5.12695266E-03
         200         750   5.73730422E-03
         225         750   5.49316267E-03
         250         750   5.82885789E-03
         275         750   5.88989211E-03
         300         750   6.25610212E-03
         325         750   6.04248000E-03
         350         750   6.10351423E-03
         375         750   6.46972423E-03
         400         750   6.25610212E-03
         425         750   6.92748744E-03
         450         750   5.52368211E-03
         475         750   7.62939267E-03
         500         750   6.89697266E-03
         525         750   6.07299944E-03
         550         750   6.07299944E-03
         575         750   6.37817523E-03
         600         750   5.49316267E-03
         625         750   5.12695266E-03
         650         750   5.64575056E-03
         675         750   5.92041155E-03
         700         750   5.61523577E-03
         725         750   5.88989211E-03
         750         750   6.19506789E-03
         775         750   5.00488421E-03
         800         750   5.82885789E-03
         825         750   5.82885789E-03
         850         750   5.21850633E-03
         875         750   4.54712100E-03
         900         750   5.34057477E-03
         925         750   5.00488421E-03
         950         750   5.24902111E-03
         975         750   5.82885789E-03
        1000         750   4.33349423E-03
           0         800   5.79833845E-03
          25         800   5.18798688E-03
          50         800   5.73730422E-03
          75         800   6.04248000E-03
         100         800   5.76782366E-03
         125         800   6.68335101E-03
         150         800   5.55420155E-03
         175         800   6.13403367E-03
         200         800   5.85937733E-03
         225         800   6.16455311E-03
         250         800   5.88989211E-03
         275         800   6.19506789E-03
         300         800   6.22558733E-03
         325         800   6.56127790E-03
         350         800   6.92749210E-03
         375         800   7.93456845E-03
         400         800   6.89697266E-03
         425         800   6.95800688E-03
         450         800   7.01904111E-03
         475         800   7.08007999E-03
         500         800   7.14111421E-03
         525         800   6.28662156E-03
         550         800   5.95092634E-03
         575         800   6.50024367E-03
         600         800   6.80541946E-03
         625         800   6.22558733E-03
         650         800   6.19506789E-03
         675         800   6.77490467E-03
         700         800   6.19506789E-03
         725         800   6.46972889E-03
         750         800   6.16455311E-03
         775         800   5.82885789E-03
         800         800   6.07299944E-03
         825         800   5.73730422E-03
         850         800   5.06591843E-03
         875         800   5.85937733E-03
         900         800   5.52368211E-03
         925         800   5.46264788E-03
         950         800   5.70678944E-03
         975         800   6.28662156E-03
        1000         800   4.48608678E-03
           0         850   6.25610212E-03
          25         850   6.25610212E-03
          50         850   5.64575056E-03
          75         850   6.50024367E-03
         100         850   6.22558733E-03
         125         850   5.92041155E-03
         150         850   6.50024367E-03
         175         850   5.92041155E-03
         200         850   5.58471633E-03
         225         850   7.96508789E-03
         250         850   5.40161366E-03
         275         850   6.53076312E-03
         300         850   6.56127790E-03
         325         850   7.20214844E-03
         350         850   6.98852632E-03
         375         850   7.35473633E-03
         400         850   7.44628999E-03
         425         850   7.23266788E-03
         450         850   6.98852632E-03
         475         850   7.93456845E-03
         500         850   7.75146578E-03
         525         850   7.84301944E-03
         550         850   6.71386579E-03
         575         850   7.29370210E-03
         600         850   7.32421689E-03
         625         850   6.43920945E-03
         650         850   7.59887788E-03
         675         850   6.43920945E-03
         700         850   5.76782366E-03
         725         850   6.25610212E-03
         750         850   6.80541946E-03
         775         850   5.88989211E-03
         800         850   4.88281157E-03
         825         850   8.05664156E-03
         850         850   5.15747210E-03
         875         850   5.31005999E-03
         900         850   6.40869001E-03
         925         850   5.49316267E-03
         950         850   5.70678944E-03
         975         850   5.64575056E-03
        1000         850   5.88989211E-03
           0         900   6.28662156E-03
          25         900   8.11767578E-03
          50         900   7.69043155E-03
          75         900   4.45556734E-03
         100         900   8.51440523E-03
         125         900   5.06591843E-03
         150         900   7.35473633E-03
         175         900   6.53076312E-03
         200         900   6.53076312E-03
         225         900   7.75146578E-03
         250         900   4.51660156E-03
         275         900   9.49096680E-03
         300         900   3.99780367E-03
         325         900   1.04370127E-02
         350         900   5.03539899E-03
         375         900   8.81958101E-03
         400         900   7.81250000E-03
         425         900   5.76782366E-03
         450         900   9.30785947E-03
         475         900   4.97436477E-03
         500         900   9.64355469E-03
         525         900   5.03539899E-03
         550         900   9.39941313E-03
         575         900   4.76074312E-03
         600         900   8.78906157E-03
         625         900   5.92041155E-03
         650         900   7.32421689E-03
         675         900   7.35473633E-03
         700         900   5.24902577E-03
         725         900   8.11767578E-03
         750         900   3.96728422E-03
         775         900   8.23974423E-03
         800         900   5.03539899E-03
         825         900   7.90405367E-03
         850         900   4.36401367E-03
         875         900   8.39233212E-03
         900         900   3.99780367E-03
         925         900   8.30078311E-03
         950         900   4.21142578E-03
         975         900   7.62939267E-03
        1000         900   4.39453311E-03
           0         950   6.37817523E-03
          25         950   6.37817523E-03
          50         950   7.59887788E-03
          75         950   4.36401367E-03
         100         950   7.81250000E-03
         125         950   5.52368211E-03
         150         950   6.34765578E-03
         175         950   6.65283157E-03
         200         950   6.37817523E-03
         225         950   6.68335101E-03
         250         950   7.01904111E-03
         275         950   7.99560733E-03
         300         950   6.01196522E-03
         325         950   8.08715634E-03
         350         950   6.10351423E-03
         375         950   8.48388579E-03
         400         950   6.22558733E-03
         425         950   7.69043155E-03
         450         950   7.17162900E-03
         475         950   6.89697266E-03
         500         950   7.50732422E-03
         525         950   7.26318266E-03
         550         950   6.98852632E-03
         575         950   6.37817523E-03
         600         950   8.45337100E-03
         625         950   5.24902577E-03
         650         950   6.59179734E-03
         675         950   7.17162900E-03
         700         950   7.50732422E-03
         725         950   6.04248000E-03
         750         950   6.56127790E-03
         775         950   6.83593843E-03
         800         950   6.53076312E-03
         825         950   6.19506789E-03
         850         950   6.43920945E-03
         875         950   5.79833845E-03
         900         950   5.70678944E-03
         925         950   5.61523577E-03
         950         950   6.43920945E-03
         975         950   5.52368211E-03
        1000         950   5.73730422E-03
           0        1000   6.25610212E-03
          25        1000   5.95092634E-03
          50        1000   6.53076312E-03
          75        1000   6.25610212E-03
         100        1000   5.64575056E-03
         125        1000   6.50024367E-03
         150        1000   6.22558733E-03
         175        1000   5.92041155E-03
         200        1000   7.11059477E-03
         225        1000   5.98144578E-03
         250        1000   6.56127790E-03
         275        1000   6.28662156E-03
         300        1000   7.50732422E-03
         325        1000   6.71386579E-03
         350        1000   7.04956055E-03
         375        1000   7.11059477E-03
         400        1000   6.86645322E-03
         425        1000   7.20214844E-03
         450        1000   6.95800688E-03
         475        1000   6.98852632E-03
         500        1000   7.01904111E-03
         525        1000   6.74438523E-03
         550        1000   6.74438523E-03
         575        1000   6.74438523E-03
         600        1000   6.13403367E-03
         625        1000   6.98852632E-03
         650        1000   6.10351423E-03
         675        1000   6.04248000E-03
         700        1000   6.59179734E-03
         725        1000   6.28662156E-03
         750        1000   5.64575056E-03
         775        1000   6.46972889E-03
         800        1000   6.16455311E-03
         825        1000   5.21850633E-03
         850        1000   5.70678944E-03
         875        1000   6.56127790E-03
         900        1000   5.06591843E-03
         925        1000   5.85937733E-03
         950        1000   4.91333054E-03
         975        1000   6.31714100E-03
        1000        1000   4.21142578E-03
           0        1050   6.01196522E-03
          25        1050   5.40161366E-03
          50        1050   5.34057477E-03
          75        1050   6.50024367E-03
         100        1050   5.64575056E-03
         125        1050   5.61523577E-03
         150        1050   6.50024367E-03
         175        1050   5.03539899E-03
         200        1050   6.77490467E-03
         225        1050   6.56127790E-03
         250        1050   4.48608678E-03
         275        1050   7.99560733E-03
         300        1050   5.76782366E-03
         325        1050   5.43212844E-03
         350        1050   8.42285156E-03
         375        1050   5.61523577E-03
         400        1050   7.38525577E-03
         425        1050   6.89697266E-03
         450        1050   5.12695266E-03
         475        1050   7.75146578E-03
         500        1050   6.07299944E-03
         525        1050   5.73730422E-03
         550        1050   7.20214844E-03
         575        1050   5.76782366E-03
         600        1050   5.70678944E-03
         625        1050   7.78198056E-03
         650        1050   4.88281157E-03
         675        1050   6.56127790E-03
         700        1050   6.28662156E-03
         725        1050   3.54003999E-03
         750        1050   7.23266788E-03
         775        1050   4.91333054E-03
         800        1050   4.48608678E-03
         825        1050   7.69043155E-03
         850        1050   4.21142578E-03
         875        1050   4.33349889E-03
         900        1050   6.92748744E-03
         925        1050   4.91333054E-03
         950        1050   3.90625000E-03
         975        1050   6.77490002E-03
        1000        1050   3.84521578E-03
           0        1100   5.43212844E-03
          25        1100   5.43212844E-03
          50        1100   6.65283157E-03
          75        1100   3.72314267E-03
         100        1100   6.89697266E-03
         125        1100   4.91333054E-03
         150        1100   4.24194522E-03
         175        1100   5.95092634E-03
         200        1100   5.40160900E-03
         225        1100   5.09643322E-03
         250        1100   8.11767578E-03
         275        1100   4.42504790E-03
         300        1100   5.21850633E-03
         325        1100   7.62939267E-03
         350        1100   4.18090634E-03
         375        1100   4.63867001E-03
         400        1100   6.37817523E-03
         425        1100   8.91113002E-03
         450        1100   4.36401367E-03
         475        1100   4.51660156E-03
         500        1100   7.75146578E-03
         525        1100   5.52368211E-03
         550        1100   4.27246001E-03
         575        1100   7.17162900E-03
         600        1100   6.71386579E-03
         625        1100   5.88989211E-03
         650        1100   1.92260789E-03
         675        1100   5.49316267E-03
         700        1100   8.54492001E-03
         725        1100   4.57763579E-03
         750        1100   1.09863444E-03
         775        1100   5.82885789E-03
         800        1100   6.80541946E-03
         825        1100   6.95800688E-03
         850        1100   3.14331078E-03
         875        1100   1.37329067E-03
         900        1100   5.55419689E-03
         925        1100   8.97216890E-03
         950        1100   4.79125790E-03
         975        1100  -4.57763555E-04
        1000        1100   3.84521578E-03
           0        1150   4.91333054E-03
          25        1150   9.46046552E-04
          50        1150   9.39941313E-03
          75        1150   2.56347866E-03
         100        1150   4.76074312E-03
         125        1150   1.70898577E-03
         150        1150   4.15039156E-03
         175        1150   9.61303525E-03
         200        1150   4.94384533E-03
         225        1150   7.99560267E-03
         250        1150   5.55419689E-03
         275        1150   9.15536439E-05
         300        1150   4.76074312E-03
         325        1150   4.45556734E-03
         350        1150   3.20434500E-03
         375        1150   4.27246001E-03
         400        1150   9.73510835E-03
         425        1150   4.15039156E-03
         450        1150   9.85717587E-03
         475        1150   5.15747210E-03
         500        1150   6.65283157E-03
         525        1150   5.55419689E-03
         550        1150   2.80761556E-03
         575        1150   6.19506789E-03
         600        1150   7.20214844E-03
         625        1150   1.58691278E-03
         650        1150   7.29370210E-03
         675        1150   4.88282996E-04
         700        1150   7.62939267E-03
         725        1150  -3.35690478E-04
         750        1150   7.04956055E-03
         775        1150   2.74660939E-04
         800        1150   5.31005999E-03
         825        1150   1.43432489E-03
         850        1150   5.40161133E-03
         875        1150   2.16674944E-03
         900        1150   3.78417922E-03
         925        1150   5.27954055E-03
         950        1150   2.04467867E-03
         975        1150   7.93456845E-03
        1000        1150   2.53295922E-03
           0        1200   4.21142578E-03
          25        1200   3.60107422E-03
          50        1200   8.72802734E-03
          75        1200   5.52368211E-03
         100        1200   4.69970889E-03
         125        1200   3.78418155E-03
         150        1200   3.99780367E-03
         175        1200   5.46264788E-03
         200        1200  -8.54492886E-04
         225        1200   5.92040922E-03
         250        1200  -3.05175723E-04
         275        1200   4.73022368E-03
         300        1200   5.73730422E-03
         325        1200   1.03759789E-03
         350        1200   5.31005766E-03
         375        1200   3.93676711E-03
         400        1200   3.32641578E-03
         425        1200   8.14819243E-03
         450        1200   2.47192499E-03
         475        1200   1.05285617E-02
         500        1200   3.54003999E-03
         525        1200   4.33349423E-03
         550        1200   6.43920945E-03
         575        1200   4.79125790E-03
         600        1200  -3.96729360E-04
         625        1200   4.27246001E-03
         650        1200   6.10351446E-04
         675        1200   3.90625000E-03
         700        1200   8.48388579E-03
         725        1200   4.05883789E-03
         750        1200   6.77490234E-03
         775        1200   4.57763579E-03
         800        1200   3.66210844E-03
         825        1200  -1.31225644E-03
         850        1200   2.68554711E-03
         875        1200   5.61523344E-03
         900        1200   4.57763579E-03
         925        1200   4.63867234E-03
         950        1200   3.17382789E-03
         975        1200  -8.85007670E-04
        1000        1200   3.20434500E-03
           0        1250   3.75366211E-03
          25        1250   1.92260789E-03
          50        1250   2.13624386E-04
          75        1250   7.81250000E-03
         100        1250   4.60815523E-03
         125        1250   1.22070749E-04
         150        1250   2.80761789E-03
         175        1250   3.05175711E-03
         200        1250   5.15746977E-03
         225        1250   6.86645322E-03
         250        1250   2.92968866E-03
         275        1250  -2.13622072E-04
         300        1250   4.27246001E-03
         325        1250   5.88989211E-03
         350        1250   4.60815523E-03
         375        1250   2.56347633E-03
         400        1250   3.05175711E-03
         425        1250   5.73730422E-03
         450        1250   2.59399344E-03
         475        1250   3.08227655E-03
         500        1250   6.37817290E-03
         525        1250   3.29589867E-03
         550        1250   2.92968866E-03
         575        1250   4.66918945E-03
         600        1250   2.62451288E-03
         625        1250   4.63867234E-03
         650        1250   3.50952055E-03
         675        1250   2.56347633E-03
         700        1250   4.57763579E-03
         725        1250   2.83813500E-03
         750        1250   2.74658133E-03
         775        1250   4.48608445E-03
         800        1250   2.44140578E-03
         825        1250   4.15039156E-03
         850        1250   3.29589867E-03
         875        1250   2.34985445E-03
         900        1250   3.75366211E-03
         925        1250   2.56347633E-03
         950        1250   3.08227655E-03
         975        1250   3.05175711E-03
        1000        1250   2.10571289E-03
           0        1300   3.20434500E-03
          25        1300   3.81469633E-03
          50        1300   3.26538156E-03
          75        1300   3.57055711E-03
         100        1300   3.29589867E-03
         125        1300   3.60107422E-03
         150        1300   3.32641578E-03
         175        1300   3.32641578E-03
         200        1300   3.32641578E-03
         225        1300   3.63159133E-03
         250        1300   3.35693290E-03
         275        1300   3.35693290E-03
         300        1300   2.44140578E-03
         325        1300   3.87573289E-03
         350        1300   3.02124000E-03
         375        1300   3.29589867E-03
         400        1300   4.82177734E-03
         425        1300   2.22778367E-03
         450        1300   5.46264555E-03
         475        1300   1.40381011E-03
         500        1300   6.37817290E-03
         525        1300   1.19018578E-03
         550        1300   5.52368211E-03
         575        1300   2.68554711E-03
         600        1300   4.11987212E-03
         625        1300   3.87573289E-03
         650        1300   1.46484433E-03
         675        1300   5.52368211E-03
         700        1300   1.15966867E-03
         725        1300   5.18798688E-03
         750        1300   7.93458719E-04
         775        1300   6.01196289E-03
         800        1300   7.93458719E-04
         825        1300   5.09643555E-03
         850        1300   2.22778367E-03
         875        1300   3.63159133E-03
         900        1300   3.66210844E-03
         925        1300   3.05194335E-05
         950        1300   5.79833845E-03
         975        1300  -3.05171052E-05
        1000        1300   2.38037156E-03
           0        1350   2.96020578E-03
          25        1350   6.92748977E-03
          50        1350   0.00000000    
          75        1350   1.19018578E-03
         100        1350   8.02612212E-03
         125        1350   3.35693290E-03
         150        1350  -1.52587856E-03
         175        1350   8.66699032E-03
         200        1350   1.31225644E-03
         225        1350   1.83107288E-04
         250        1350   6.28662156E-03
         275        1350   2.34985445E-03
         300        1350   4.27246443E-04
         325        1350   8.08715634E-03
         350        1350   3.41796922E-03
         375        1350  -1.15966634E-03
         400        1350   6.31713867E-03
         425        1350   2.68554711E-03
         450        1350   4.88282996E-04
         475        1350   8.45336821E-03
         500        1350  -1.52587862E-04
         525        1350   1.31225644E-03
         550        1350   8.45336821E-03
         575        1350   4.11987212E-03
         600        1350  -1.92260556E-03
         625        1350   5.15746977E-03
         650        1350   5.98144578E-03
         675        1350  -1.37329067E-03
         700        1350   5.46264555E-03
         725        1350   4.48608445E-03
         750        1350  -5.79832005E-04
         775        1350   7.26318266E-03
         800        1350   3.72314500E-03
         825        1350  -2.34985212E-03
         850        1350   4.08935500E-03
         875        1350   7.26318266E-03
         900        1350  -2.99072056E-03
         925        1350   3.69262556E-03
         950        1350   7.44628767E-03
         975        1350   2.74658611E-04
        1000        1350   8.85009998E-04
           0        1400   2.77709845E-03
          25        1400   2.16674712E-03
          50        1400   3.02124000E-03
          75        1400   8.54492001E-03
         100        1400   3.63159133E-03
         125        1400  -2.44140578E-03
         150        1400   4.30297712E-03
         175        1400   7.20214844E-03
         200        1400  -9.15527111E-04
         225        1400   5.37109422E-03
         250        1400   4.08935500E-03
         275        1400   2.13624386E-04
         300        1400   6.62231445E-03
         325        1400   3.93676711E-03
         350        1400  -5.79832005E-04
         375        1400   6.65283157E-03
         400        1400   1.22070289E-03
         425        1400   2.22778367E-03
         450        1400   7.32421689E-03
         475        1400   4.27246443E-04
         500        1400   5.31005766E-03
         525        1400   4.60815523E-03
         550        1400  -7.62939279E-04
         575        1400   5.52368211E-03
         600        1400   4.24194289E-03
         625        1400   6.71387941E-04
         650        1400   7.11059477E-03
         675        1400   3.84521578E-03
         700        1400  -2.22778134E-03
         725        1400   6.04248000E-03
         750        1400   4.82177734E-03
         775        1400  -8.23973503E-04
         800        1400   6.68334868E-03
         825        1400   1.25122222E-03
         850        1400   1.03759789E-03
         875        1400   7.84301665E-03
         900        1400   3.14331078E-03
         925        1400  -1.77001767E-03
         950        1400   7.47680478E-03
         975        1400   1.22070289E-03
        1000        1400   1.92260789E-03
           0        1450   2.96020578E-03
          25        1450   2.65503000E-03
          50        1450   4.15039156E-03
          75        1450   6.40869001E-03
         100        1450   3.35695135E-04
         125        1450   5.21850633E-03
         150        1450   4.82177734E-03
         175        1450  -1.43432489E-03
         200        1450   8.14819243E-03
         225        1450   1.34277355E-03
         250        1450   1.73950288E-03
         275        1450   6.46972656E-03
         300        1450   3.96729360E-04
         325        1450   1.61743222E-03
         350        1450   9.09423735E-03
         375        1450   2.68554711E-03
         400        1450  -1.06811500E-03
         425        1450   6.40869001E-03
         450        1450   3.99780367E-03
         475        1450  -2.13622072E-04
         500        1450   7.35473633E-03
         525        1450   2.59399344E-03
         550        1450   3.66212247E-04
         575        1450   3.41796922E-03
         600        1450   8.02612212E-03
         625        1450  -1.55639567E-03
         650        1450   5.55419922E-03
         675        1450   5.49316267E-03
         700        1450  -3.96727031E-04
         725        1450   5.61523344E-03
         750        1450   6.16455078E-03
         775        1450  -1.80053478E-03
         800        1450   2.83813500E-03
         825        1450   6.77490234E-03
         850        1450   7.32422166E-04
         875        1450   1.98364211E-03
         900        1450   7.65991211E-03
         925        1450  -1.34277123E-03
         950        1450   4.88281157E-03
         975        1450   3.84521578E-03
        1000        1450   2.07519578E-03
           0        1500   3.38745234E-03
          25        1500   3.38745234E-03
          50        1500   2.47192499E-03
          75        1500   5.49317221E-04
         100        1500   7.29369977E-03
         125        1500  -5.18797780E-04
         150        1500   5.18798688E-03
         175        1500   3.57055711E-03
         200        1500   1.15966867E-03
         225        1500   7.35473633E-03
         250        1500   4.57763555E-04
         275        1500   5.64575056E-03
         300        1500   1.31225644E-03
         325        1500   2.92968866E-03
         350        1500   5.95092634E-03
         375        1500   1.03759789E-03
         400        1500   6.28662156E-03
         425        1500   2.92968866E-03
         450        1500   1.95312500E-03
         475        1500   6.07299712E-03
         500        1500  -3.66209919E-04
         525        1500   5.95092634E-03
         550        1500   1.95312500E-03
         575        1500   2.71606422E-03
         600        1500   6.31713867E-03
         625        1500   2.13624386E-04
         650        1500   6.28662156E-03
         675        1500   1.09863444E-03
         700        1500   2.99072289E-03
         725        1500   6.01196289E-03
         750        1500   4.88282996E-04
         775        1500   6.59179734E-03
         800        1500   2.13624386E-04
         825        1500   5.67627000E-03
         850        1500   1.03759789E-03
         875        1500   4.45556734E-03
         900        1500   2.44140578E-03
         925        1500   2.96020578E-03
         950        1500   4.15039156E-03
         975        1500   3.32641578E-03
        1000        1500   3.93676711E-03
