           0           0   2.70996187E-02
          25           0   2.92358473E-02
          50           0   2.88391039E-02
          75           0   4.02831919E-02
         100           0   2.11181622E-02
         125           0   2.55432110E-02
         150           0   4.26940881E-02
         175           0   5.51757812E-02
         200           0   2.32849214E-02
         225           0   2.02941839E-02
         250           0   3.66210863E-02
         275           0   4.79736254E-02
         300           0   2.83508301E-02
         325           0   2.45971736E-02
         350           0   5.19409105E-02
         375           0   3.05175707E-02
         400           0   4.51965332E-02
         425           0   1.92565992E-02
         450           0   3.88183556E-02
         475           0   3.17993127E-02
         500           0  -9.85717122E-03
         525           0   4.16870117E-02
         550           0   2.98461989E-02
         575           0   4.35485765E-02
         600           0   4.00085449E-02
         625           0   2.92663574E-02
         650           0   5.79841319E-04
         675           0   3.34472694E-02
         700           0   1.31530846E-02
         725           0   1.39770620E-02
         750           0   2.42004488E-02
         775           0   3.37524451E-02
         800           0   2.41394099E-02
         825           0   2.23388653E-02
         850           0   1.51977651E-02
         875           0   1.89209310E-03
         900           0   2.76489295E-02
         925           0   1.19628916E-02
         950           0   2.57873479E-02
         975           0   2.76794396E-02
        1000           0   1.84326209E-02
           0          50   2.51769964E-02
          25          50   2.57873479E-02
          50          50   4.14123461E-02
          75          50   4.11987193E-02
         100          50   3.62243615E-02
         125          50   3.76281813E-02
         150          50   4.09240723E-02
         175          50   3.89709435E-02
         200          50   4.12902869E-02
         225          50   3.39965820E-02
         250          50   3.19824293E-02
         275          50   3.95202525E-02
         300          50   4.72106859E-02
         325          50   4.46167104E-02
         350          50   4.10156213E-02
         375          50   3.26843113E-02
         400          50   3.14025879E-02
         425          50   2.69775409E-02
         450          50   5.26733398E-02
         475          50   3.25012133E-02
         500          50   4.21753041E-02
         525          50   3.88183743E-02
         550          50   4.48303185E-02
         575          50   3.49426195E-02
         600          50   1.91039927E-02
         625          50   4.10766415E-02
         650          50   3.55224609E-02
         675          50   1.37939639E-02
         700          50   3.41491699E-02
         725          50   2.50244085E-02
         750          50   2.90222205E-02
         775          50   2.67944429E-02
         800          50   2.71301288E-02
         825          50   2.17590425E-02
         850          50   2.81066932E-02
         875          50   2.45056245E-02
         900          50   2.81982422E-02
         925          50   1.70593299E-02
         950          50   2.98461989E-02
         975          50   2.93884352E-02
        1000          50   1.69677809E-02
           0         100   3.97644080E-02
          25         100   3.79333571E-02
          50         100   4.93469350E-02
          75         100   4.45251428E-02
         100         100   4.46167104E-02
         125         100   5.32226525E-02
         150         100   5.50231934E-02
         175         100   3.94897424E-02
         200         100   5.37109263E-02
         225         100   4.19311486E-02
         250         100   4.90112118E-02
         275         100   3.57666165E-02
         300         100   1.93176381E-02
         325         100   2.17590425E-02
         350         100   2.86560059E-02
         375         100   4.01000939E-02
         400         100   4.24194224E-02
         425         100   4.28161658E-02
         450         100   3.22265476E-02
         475         100   2.84729078E-02
         500         100   2.65502874E-02
         525         100   2.33154316E-02
         550         100   3.99779435E-03
         575         100   8.81958567E-03
         600         100   1.62658803E-02
         625         100   2.16369648E-02
         650         100   2.24914532E-02
         675         100   2.56347600E-02
         700         100   1.99890081E-02
         725         100   2.11181622E-02
         750         100   2.54821721E-02
         775         100   2.20947284E-02
         800         100   2.14233380E-02
         825         100   3.04870605E-02
         850         100   2.92053185E-02
         875         100   1.49230994E-02
         900         100   2.57263277E-02
         925         100   2.15454157E-02
         950         100   2.42614690E-02
         975         100   2.39257831E-02
        1000         100   3.51562463E-02
           0         150   2.89611816E-02
          25         150   2.04162616E-02
          50         150   1.89514235E-02
          75         150   2.81066932E-02
         100         150   3.43017578E-02
         125         150   1.54724121E-02
         150         150   2.24609431E-02
         175         150   3.48510705E-02
         200         150   3.02123949E-02
         225         150   4.11987193E-02
         250         150   1.72424279E-02
         275         150   2.31018048E-02
         300         150   1.71508789E-02
         325         150   2.49938983E-02
         350         150   2.82287523E-02
         375         150   2.84423791E-02
         400         150   2.77404785E-02
         425         150   2.90832594E-02
         450         150   2.16980036E-02
         475         150   2.72827167E-02
         500         150   2.70690899E-02
         525         150   2.56042499E-02
         550         150   2.36816462E-02
         575         150   2.40173321E-02
         600         150   2.74658129E-02
         625         150   2.51769964E-02
         650         150   3.11889611E-02
         675         150   3.04870605E-02
         700         150   2.69165020E-02
         725         150   2.47802716E-02
         750         150   1.93786584E-02
         775         150   2.56652888E-02
         800         150   3.78417894E-02
         825         150   3.29284668E-02
         850         150   2.40478609E-02
         875         150   1.69677809E-02
         900         150   2.60009747E-02
         925         150   2.13928279E-02
         950         150   1.66320764E-02
         975         150   2.12097112E-02
        1000         150   2.29797456E-02
           0         200   3.09448242E-02
          25         200   3.79638672E-02
          50         200   3.37829553E-02
          75         200   4.16259728E-02
         100         200   3.22265662E-02
         125         200   2.54516620E-02
         150         200   2.41088811E-02
         175         200   3.06396484E-02
         200         200   2.32543927E-02
         225         200   3.34472694E-02
         250         200   3.00903358E-02
         275         200   3.43017578E-02
         300         200   2.94799842E-02
         325         200   3.57360877E-02
         350         200   2.85949670E-02
         375         200   2.80151442E-02
         400         200   2.92358473E-02
         425         200   3.42712477E-02
         450         200   3.21960375E-02
         475         200   4.42199670E-02
         500         200   3.45458947E-02
         525         200   2.83508301E-02
         550         200   3.06701586E-02
         575         200   3.84521410E-02
         600         200   3.11584510E-02
         625         200   3.52783240E-02
         650         200   2.97546312E-02
         675         200   2.36511175E-02
         700         200   2.42919978E-02
         725         200   2.75268517E-02
         750         200   1.74255446E-02
         775         200   2.43530367E-02
         800         200   2.44750958E-02
         825         200   1.58081166E-02
         850         200   2.85949670E-02
         875         200   2.60009747E-02
         900         200   2.03857515E-02
         925         200   1.75781325E-02
         950         200   2.09655743E-02
         975         200   2.23388653E-02
        1000         200   2.26745699E-02
           0         250   3.29895057E-02
          25         250   2.93273963E-02
          50         250   3.75061035E-02
          75         250   3.46374437E-02
         100         250   4.36401255E-02
         125         250   4.58984338E-02
         150         250   3.97338979E-02
         175         250   2.76489109E-02
         200         250   4.08630334E-02
         225         250   4.69360389E-02
         250         250   4.19616587E-02
         275         250   5.10254018E-02
         300         250   4.29382436E-02
         325         250   3.66515964E-02
         350         250   4.03747596E-02
         375         250   4.14428748E-02
         400         250   4.29076962E-02
         425         250   4.11376990E-02
         450         250   2.87780836E-02
         475         250   3.65295559E-02
         500         250   2.41088811E-02
         525         250   2.75573805E-02
         550         250   4.79736440E-02
         575         250   4.21447568E-02
         600         250   3.92761342E-02
         625         250   1.68457218E-02
         650         250   2.42004488E-02
         675         250   2.36511175E-02
         700         250   3.32336426E-02
         725         250   3.07617262E-02
         750         250   2.37731952E-02
         775         250   2.77099684E-02
         800         250   2.75573805E-02
         825         250   2.13317890E-02
         850         250   2.15454157E-02
         875         250   2.06603985E-02
         900         250   2.00805757E-02
         925         250   2.13622991E-02
         950         250   2.28576679E-02
         975         250   2.05993596E-02
        1000         250   2.79235765E-02
           0         300   3.52477953E-02
          25         300   3.61633226E-02
          50         300   4.23584022E-02
          75         300   4.30602841E-02
         100         300   3.49121094E-02
         125         300   3.59497145E-02
         150         300   4.13818173E-02
         175         300   4.58374135E-02
         200         300   4.61120419E-02
         225         300   4.90722694E-02
         250         300   6.17065504E-02
         275         300   4.55932580E-02
         300         300   4.90112118E-02
         325         300   6.37207031E-02
         350         300   4.90112118E-02
         375         300   5.70373461E-02
         400         300   8.16955566E-02
         425         300   4.67529409E-02
         450         300   5.55725247E-02
         475         300  0.101928689    
         500         300   3.78112793E-02
         525         300   3.02429423E-02
         550         300   3.46069336E-02
         575         300   4.17785607E-02
         600         300   4.31213416E-02
         625         300   2.11792011E-02
         650         300   2.36511175E-02
         675         300   2.93884352E-02
         700         300   3.13415676E-02
         725         300   3.14941555E-02
         750         300   2.44445670E-02
         775         300   2.13622991E-02
         800         300   2.08740253E-02
         825         300   2.26440597E-02
         850         300   2.07824763E-02
         875         300   2.13012788E-02
         900         300   2.53601130E-02
         925         300   2.74963416E-02
         950         300   3.08227465E-02
         975         300   2.38342341E-02
        1000         300   2.01110858E-02
           0         350   4.20837365E-02
          25         350   4.17785607E-02
          50         350   4.72412147E-02
          75         350   4.80651744E-02
         100         350   5.31921424E-02
         125         350   7.15942159E-02
         150         350   5.23681827E-02
         175         350   4.86450158E-02
         200         350   6.58569336E-02
         225         350   5.57861328E-02
         250         350   6.06994554E-02
         275         350   9.99145359E-02
         300         350   7.48901293E-02
         325         350   7.89184645E-02
         350         350   5.69152683E-02
         375         350   5.81359714E-02
         400         350   4.82177623E-02
         425         350  0.110870346    
         450         350   6.24084324E-02
         475         350   4.51965518E-02
         500         350   6.90002590E-02
         525         350   5.41686900E-02
         550         350   4.63256873E-02
         575         350   7.01293945E-02
         600         350   7.78503567E-02
         625         350   4.84008975E-02
         650         350   3.26232910E-02
         675         350   7.03430027E-02
         700         350   2.57568378E-02
         725         350   3.33557203E-02
         750         350   1.94702260E-02
         775         350   2.88391039E-02
         800         350   2.11792011E-02
         825         350   1.69372521E-02
         850         350   2.20031608E-02
         875         350   2.63366792E-02
         900         350   2.52075065E-02
         925         350   3.41796800E-02
         950         350   2.16064546E-02
         975         350   1.78832896E-02
        1000         350   1.57775879E-02
           0         400   4.22668345E-02
          25         400   5.29479869E-02
          50         400   5.52368015E-02
          75         400   5.67321703E-02
         100         400   5.24597131E-02
         125         400   4.61120419E-02
         150         400   5.98144382E-02
         175         400   7.33642504E-02
         200         400   6.40258789E-02
         225         400   6.78405762E-02
         250         400   7.37304837E-02
         275         400  0.101409905    
         300         400   7.79418871E-02
         325         400   6.32629395E-02
         350         400   7.56225586E-02
         375         400   7.45544434E-02
         400         400   6.43920749E-02
         425         400   7.69042820E-02
         450         400   6.65588528E-02
         475         400   7.00073168E-02
         500         400  0.109191887    
         525         400  0.102508567    
         550         400  0.100219749    
         575         400   8.02917555E-02
         600         400   5.50537407E-02
         625         400   4.06799354E-02
         650         400   5.10253645E-02
         675         400   4.77905460E-02
         700         400   5.32837100E-02
         725         400   3.66516337E-02
         750         400   5.48095852E-02
         775         400   5.06591685E-02
         800         400   3.12194899E-02
         825         400   3.61938700E-02
         850         400   4.25720103E-02
         875         400   4.00390737E-02
         900         400   6.45446628E-02
         925         400   5.22766151E-02
         950         400   4.84314077E-02
         975         400   4.84924279E-02
        1000         400   2.81677321E-02
           0         450   5.85327148E-02
          25         450   4.90722694E-02
          50         450   6.43005446E-02
          75         450   4.94079553E-02
         100         450   7.69042820E-02
         125         450  0.101135239    
         150         450   9.70764235E-02
         175         450   9.86023024E-02
         200         450   8.62121359E-02
         225         450  0.101562493    
         250         450   9.96704176E-02
         275         450   7.74536133E-02
         300         450  0.118072525    
         325         450  0.123992905    
         350         450  0.123077378    
         375         450  0.103027351    
         400         450  0.130645752    
         425         450  0.170654312    
         450         450  0.181610093    
         475         450  0.108978279    
         500         450   7.13196248E-02
         525         450  0.125427216    
         550         450   3.61023024E-02
         575         450   5.91125935E-02
         600         450   7.81249851E-02
         625         450   2.77405158E-02
         650         450   3.20129767E-02
         675         450   4.25720103E-02
         700         450   4.13208343E-02
         725         450   4.00390364E-02
         750         450   4.26635779E-02
         775         450   3.36914062E-02
         800         450   2.56347600E-02
         825         450   2.47497801E-02
         850         450   2.08130050E-02
         875         450   2.66113449E-02
         900         450   2.69470308E-02
         925         450   3.61328125E-02
         950         450   2.78625563E-02
         975         450   2.77404785E-02
        1000         450   2.65807975E-02
           0         500   5.49011156E-02
          25         500   4.60510217E-02
          50         500   7.01904148E-02
          75         500   6.38732910E-02
         100         500   6.59179538E-02
         125         500   6.07605129E-02
         150         500   6.99462965E-02
         175         500   9.58862305E-02
         200         500   7.30285645E-02
         225         500   6.85730055E-02
         250         500   8.88976976E-02
         275         500   7.94677585E-02
         300         500   9.93652418E-02
         325         500   9.91516337E-02
         350         500   9.86023024E-02
         375         500  0.100463830    
         400         500   9.76867750E-02
         425         500  0.106292717    
         450         500   9.23766717E-02
         475         500   7.19299018E-02
         500         500   7.04040229E-02
         525         500   3.98559757E-02
         550         500   4.97131683E-02
         575         500   7.07397461E-02
         600         500   5.69152683E-02
         625         500   4.57153358E-02
         650         500   5.00488169E-02
         675         500   5.44738658E-02
         700         500   4.48913760E-02
         725         500   4.24194224E-02
         750         500   2.74047926E-02
         775         500   4.86450158E-02
         800         500   3.02429423E-02
         825         500   9.00573805E-02
         850         500   1.30005153E-02
         875         500   1.94397159E-02
         900         500   2.33154316E-02
         925         500   1.87683068E-02
         950         500   2.01415960E-02
         975         500   3.10974121E-02
        1000         500   2.53906418E-02
           0         550   4.34875377E-02
          25         550   4.83703502E-02
          50         550   5.40466122E-02
          75         550   4.58984338E-02
         100         550   5.39245717E-02
         125         550   7.64770284E-02
         150         550   7.76977688E-02
         175         550   7.01904148E-02
         200         550   4.85229380E-02
         225         550   7.02819824E-02
         250         550   7.22961351E-02
         275         550   6.48803860E-02
         300         550   9.50012133E-02
         325         550   8.86840895E-02
         350         550   6.48803860E-02
         375         550   7.38220140E-02
         400         550   7.69348294E-02
         425         550   8.60595480E-02
         450         550   7.88879171E-02
         475         550   9.30785909E-02
         500         550   9.27123949E-02
         525         550   8.56628045E-02
         550         550   6.61010891E-02
         575         550   5.72814643E-02
         600         550   7.51342475E-02
         625         550   5.43518253E-02
         650         550   6.35070950E-02
         675         550   4.87365462E-02
         700         550   5.91125563E-02
         725         550   3.99169959E-02
         750         550   3.23181152E-02
         775         550   3.36914062E-02
         800         550   3.46069336E-02
         825         550   4.22973819E-02
         850         550   3.72619852E-02
         875         550   3.49121094E-02
         900         550   3.28063890E-02
         925         550   1.96838323E-02
         950         550   2.31323335E-02
         975         550   2.53906418E-02
        1000         550   2.90222019E-02
           0         600   4.31823619E-02
          25         600   5.17272837E-02
          50         600   6.02111816E-02
          75         600   5.45043759E-02
         100         600   5.38635142E-02
         125         600   5.21545373E-02
         150         600   5.56945652E-02
         175         600   6.83899075E-02
         200         600   6.39648587E-02
         225         600   6.74438328E-02
         250         600   7.29675442E-02
         275         600   7.55309910E-02
         300         600   7.66296536E-02
         325         600   6.20727465E-02
         350         600   8.03527758E-02
         375         600   8.12072828E-02
         400         600   8.56017843E-02
         425         600   6.88781813E-02
         450         600   6.97937086E-02
         475         600   7.80944750E-02
         500         600   7.22351149E-02
         525         600   7.23877028E-02
         550         600   8.74633864E-02
         575         600   7.68432617E-02
         600         600   6.68030083E-02
         625         600   6.94274753E-02
         650         600  -6.22252971E-02
         675         600   5.08423038E-02
         700         600   3.61633226E-02
         725         600   1.88598745E-02
         750         600   1.92566179E-02
         775         600   4.29382436E-02
         800         600   3.08532938E-02
         825         600   3.59192044E-02
         850         600   2.70080511E-02
         875         600   2.27966476E-02
         900         600   2.68859733E-02
         925         600   3.28063890E-02
         950         600   4.15954627E-02
         975         600   3.24096829E-02
        1000         600   2.71606389E-02
           0         650   3.94592322E-02
          25         650   4.28161658E-02
          50         650   4.74243127E-02
          75         650   6.00891039E-02
         100         650   5.96008301E-02
         125         650   5.91735765E-02
         150         650   6.31103516E-02
         175         650   6.36291355E-02
         200         650   7.40966797E-02
         225         650   8.20922628E-02
         250         650   6.98852390E-02
         275         650   6.86645359E-02
         300         650   7.41882473E-02
         325         650   8.07495192E-02
         350         650   8.07800293E-02
         375         650   6.83899075E-02
         400         650   7.68432617E-02
         425         650   6.35070950E-02
         450         650   6.88476712E-02
         475         650   5.88684008E-02
         500         650   2.46582124E-02
         525         650   4.14123647E-02
         550         650   5.99365160E-02
         575         650   6.92138672E-02
         600         650   5.31616323E-02
         625         650   3.63159105E-02
         650         650   4.10461314E-02
         675         650   3.88488844E-02
         700         650   3.44543457E-02
         725         650   3.74145731E-02
         750         650   3.96423303E-02
         775         650   4.22363244E-02
         800         650   2.68860105E-02
         825         650   3.50952074E-02
         850         650   3.36608961E-02
         875         650   2.94494554E-02
         900         650   3.43933254E-02
         925         650   3.35693285E-02
         950         650   3.42712477E-02
         975         650   2.59704459E-02
        1000         650   3.30810547E-02
           0         700   3.66821438E-02
          25         700   4.12597768E-02
          50         700   3.98864858E-02
          75         700   4.90112118E-02
         100         700   5.78002855E-02
         125         700   5.57556227E-02
         150         700   5.48400953E-02
         175         700   5.09338342E-02
         200         700   3.88793945E-02
         225         700   4.87365834E-02
         250         700   5.26123010E-02
         275         700   6.32324293E-02
         300         700   6.41479567E-02
         325         700   6.16149828E-02
         350         700   6.71997145E-02
         375         700   6.06994554E-02
         400         700   6.80236742E-02
         425         700   6.10351413E-02
         450         700   6.78405762E-02
         475         700   6.48803860E-02
         500         700   4.65392955E-02
         525         700   4.91638370E-02
         550         700   4.72717248E-02
         575         700   4.31213416E-02
         600         700   4.10766788E-02
         625         700   3.77197489E-02
         650         700   3.41491699E-02
         675         700   3.58581468E-02
         700         700   3.54614407E-02
         725         700   3.17993313E-02
         750         700   3.36914062E-02
         775         700   3.53088528E-02
         800         700   3.59802246E-02
         825         700   2.73437370E-02
         850         700   2.98156887E-02
         875         700   2.93273777E-02
         900         700   3.56140286E-02
         925         700   2.55432297E-02
         950         700   2.97546312E-02
         975         700   2.59704459E-02
        1000         700   3.28674465E-02
           0         750   3.81774753E-02
          25         750   4.76379208E-02
          50         750   5.43823354E-02
          75         750   4.91943471E-02
         100         750   5.06591685E-02
         125         750   5.88989109E-02
         150         750   5.59692308E-02
         175         750   6.08215332E-02
         200         750   6.35986254E-02
         225         750   7.65685961E-02
         250         750   8.12072828E-02
         275         750   7.96203464E-02
         300         750   8.91723633E-02
         325         750   8.47778246E-02
         350         750   7.10754320E-02
         375         750   8.59680176E-02
         400         750   7.69348294E-02
         425         750  0.124450669    
         450         750   9.63439569E-02
         475         750   5.59997410E-02
         500         750   8.61511156E-02
         525         750   7.37304837E-02
         550         750   9.19800028E-02
         575         750   1.65405087E-02
         600         750   5.02624251E-02
         625         750   4.15649526E-02
         650         750   2.54821721E-02
         675         750   4.52880822E-02
         700         750   3.48205790E-02
         725         750   3.17077637E-02
         750         750   3.46374437E-02
         775         750   3.29284668E-02
         800         750   3.06396484E-02
         825         750   2.92358473E-02
         850         750   4.13207971E-02
         875         750   2.09350456E-02
         900         750   3.30505446E-02
         925         750   2.98461989E-02
         950         750   2.42919791E-02
         975         750   2.34985296E-02
        1000         750   3.10363919E-02
           0         800   4.33960073E-02
          25         800   4.46167104E-02
          50         800   6.24389425E-02
          75         800   6.49414062E-02
         100         800   6.07910231E-02
         125         800   7.52563626E-02
         150         800   6.75354004E-02
         175         800   7.70874172E-02
         200         800   9.17052999E-02
         225         800   9.93041843E-02
         250         800   8.19702223E-02
         275         800   9.54589769E-02
         300         800  0.104919426    
         325         800   9.39636454E-02
         350         800  0.103210412    
         375         800  0.107055657    
         400         800   8.16955194E-02
         425         800   9.98840258E-02
         450         800   7.13500977E-02
         475         800  0.162139863    
         500         800   6.55823052E-02
         525         800   7.38523714E-03
         550         800   5.04150130E-02
         575         800   3.04870978E-02
         600         800   4.63867076E-02
         625         800   3.01513746E-02
         650         800   3.51257548E-02
         675         800   3.27453688E-02
         700         800   3.43933254E-02
         725         800   3.00903544E-02
         750         800   2.43835468E-02
         775         800   2.99682766E-02
         800         800   3.67126539E-02
         825         800   3.48815992E-02
         850         800   3.29894871E-02
         875         800   3.31726223E-02
         900         800   3.01513746E-02
         925         800   3.15246657E-02
         950         800   2.58484054E-02
         975         800   2.39868034E-02
        1000         800   2.75878906E-02
           0         850   4.56542782E-02
          25         850   5.23681454E-02
          50         850   6.18896484E-02
          75         850   6.40563890E-02
         100         850   6.53686598E-02
         125         850   6.69555590E-02
         150         850   8.04443434E-02
         175         850   7.92541504E-02
         200         850   7.85827413E-02
         225         850   9.07287523E-02
         250         850  0.106018052    
         275         850   9.59777609E-02
         300         850   8.26721415E-02
         325         850  0.137634248    
         350         850   3.22570577E-02
         375         850   7.25402534E-02
         400         850   7.21435845E-02
         425         850  0.123901337    
         450         850   5.75561672E-02
         475         850   4.29687537E-02
         500         850   3.50647345E-02
         525         850   4.31823619E-02
         550         850   4.85229380E-02
         575         850   3.90930362E-02
         600         850   2.82898098E-02
         625         850   2.73437724E-02
         650         850   3.94592322E-02
         675         850   2.80761644E-02
         700         850   3.09753343E-02
         725         850   2.55737398E-02
         750         850   4.02831919E-02
         775         850   4.20532264E-02
         800         850   3.00292969E-02
         825         850   3.14941555E-02
         850         850   3.08227465E-02
         875         850   2.56347600E-02
         900         850   2.92053372E-02
         925         850   2.35290397E-02
         950         850   3.08227465E-02
         975         850   3.77807692E-02
        1000         850   2.23083366E-02
           0         900   4.75769006E-02
          25         900   5.97839281E-02
          50         900   5.73425218E-02
          75         900   7.89489746E-02
         100         900   7.82165453E-02
         125         900   9.84802246E-02
         150         900   8.63342136E-02
         175         900  0.121673577    
         200         900  0.128540024    
         225         900   8.57543722E-02
         250         900   8.56933519E-02
         275         900   7.42187202E-02
         300         900   9.04845968E-02
         325         900  0.103515588    
         350         900  0.165313661    
         375         900   3.68042216E-02
         400         900   2.55127195E-02
         425         900   5.35888858E-02
         450         900   6.61315620E-02
         475         900   3.83605734E-02
         500         900   4.66614105E-02
         525         900   4.54711802E-02
         550         900   3.92150767E-02
         575         900   4.17175405E-02
         600         900   3.43628153E-02
         625         900   2.83203200E-02
         650         900   3.50646973E-02
         675         900   3.21045071E-02
         700         900   2.72216965E-02
         725         900   3.54919508E-02
         750         900   3.10974121E-02
         775         900   2.79235765E-02
         800         900   2.70385612E-02
         825         900   2.86865160E-02
         850         900   3.40270922E-02
         875         900   2.50854660E-02
         900         900   2.84423977E-02
         925         900   2.83203200E-02
         950         900   2.58484054E-02
         975         900   3.05480808E-02
        1000         900   2.48413105E-02
           0         950   4.12597768E-02
          25         950   5.01098745E-02
          50         950   5.64880148E-02
          75         950   4.54101600E-02
         100         950   6.14623949E-02
         125         950   5.40771596E-02
         150         950   7.87353292E-02
         175         950   6.06079251E-02
         200         950   6.14013746E-02
         225         950   5.57556227E-02
         250         950   5.34057505E-02
         275         950   6.29882738E-02
         300         950   7.87048191E-02
         325         950   3.97338979E-02
         350         950   7.32116625E-02
         375         950   7.26623684E-02
         400         950   6.17980808E-02
         425         950   4.90722694E-02
         450         950   5.05981483E-02
         475         950   4.10766788E-02
         500         950   3.34167406E-02
         525         950   3.52172852E-02
         550         950   3.68042216E-02
         575         950   3.56750488E-02
         600         950   2.81677321E-02
         625         950   2.95105129E-02
         650         950   2.93579251E-02
         675         950   2.90527493E-02
         700         950   3.03954929E-02
         725         950   4.05578576E-02
         750         950   3.23181152E-02
         775         950   2.56958175E-02
         800         950   3.40576023E-02
         825         950   3.39355618E-02
         850         950   2.19421405E-02
         875         950   2.83203200E-02
         900         950   3.42712477E-02
         925         950   2.25830022E-02
         950         950   3.81164551E-02
         975         950   2.81677321E-02
        1000         950   2.54211519E-02
           0        1000   3.50952074E-02
          25        1000   4.33349498E-02
          50        1000   4.14123647E-02
          75        1000   3.15856859E-02
         100        1000   4.17785607E-02
         125        1000   4.87670936E-02
         150        1000   4.84619178E-02
         175        1000   3.97644080E-02
         200        1000   4.87060361E-02
         225        1000   5.18188514E-02
         250        1000   5.48400953E-02
         275        1000   5.04150502E-02
         300        1000   6.37207031E-02
         325        1000   5.26428111E-02
         350        1000   6.64977953E-02
         375        1000   5.66406399E-02
         400        1000   4.89501916E-02
         425        1000   4.10156213E-02
         450        1000   3.74755934E-02
         475        1000   3.06091383E-02
         500        1000   3.62854004E-02
         525        1000   2.40783710E-02
         550        1000   3.36303860E-02
         575        1000   3.06091383E-02
         600        1000   3.68347317E-02
         625        1000   3.21960375E-02
         650        1000   3.38439941E-02
         675        1000   3.17687839E-02
         700        1000   2.37426851E-02
         725        1000   3.02429050E-02
         750        1000   3.66210863E-02
         775        1000   3.48510891E-02
         800        1000   2.25219820E-02
         825        1000   2.81982422E-02
         850        1000   4.19006385E-02
         875        1000   2.46887226E-02
         900        1000   2.67334040E-02
         925        1000   3.82385328E-02
         950        1000   3.32641527E-02
         975        1000   2.52990741E-02
        1000        1000   2.05078106E-02
           0        1050   3.32336426E-02
          25        1050   3.59802246E-02
          50        1050   4.17480506E-02
          75        1050   3.03649828E-02
         100        1050   3.60717736E-02
         125        1050   3.59802246E-02
         150        1050   4.62341197E-02
         175        1050   4.34570275E-02
         200        1050   3.78417894E-02
         225        1050   5.02014048E-02
         250        1050   5.09643443E-02
         275        1050   5.92956543E-02
         300        1050   5.36804162E-02
         325        1050   3.47900316E-02
         350        1050   3.76892015E-02
         375        1050   3.63769680E-02
         400        1050   3.86352390E-02
         425        1050   2.89611816E-02
         450        1050   4.51965146E-02
         475        1050   3.47900316E-02
         500        1050   2.66418550E-02
         525        1050   3.20739597E-02
         550        1050   2.87170261E-02
         575        1050   3.85131985E-02
         600        1050   2.67944429E-02
         625        1050   2.73132268E-02
         650        1050   3.74450833E-02
         675        1050   2.76184008E-02
         700        1050   3.23486254E-02
         725        1050   2.66418550E-02
         750        1050   3.59497145E-02
         775        1050   2.39868220E-02
         800        1050   2.39257831E-02
         825        1050   3.52477953E-02
         850        1050   2.49023493E-02
         875        1050   3.11889611E-02
         900        1050   2.65808161E-02
         925        1050   3.00598070E-02
         950        1050   2.41699200E-02
         975        1050   2.83813402E-02
        1000        1050   2.60620136E-02
           0        1100   2.81677321E-02
          25        1100   2.93884352E-02
          50        1100   2.95104943E-02
          75        1100   2.47497614E-02
         100        1100   3.29284668E-02
         125        1100   2.91442797E-02
         150        1100   3.56140099E-02
         175        1100   3.05175707E-02
         200        1100   3.12500000E-02
         225        1100   3.08227465E-02
         250        1100   3.55224609E-02
         275        1100   3.24401930E-02
         300        1100   2.68554632E-02
         325        1100   3.04565504E-02
         350        1100   2.95715332E-02
         375        1100   3.83605920E-02
         400        1100   2.94189453E-02
         425        1100   2.92663574E-02
         450        1100   3.52172852E-02
         475        1100   3.20129395E-02
         500        1100   3.14941369E-02
         525        1100   3.09143141E-02
         550        1100   3.02734338E-02
         575        1100   2.65197773E-02
         600        1100   3.12500000E-02
         625        1100   3.34472694E-02
         650        1100   2.88391039E-02
         675        1100   2.77099684E-02
         700        1100   2.67944429E-02
         725        1100   2.82592811E-02
         750        1100   2.56347600E-02
         775        1100   2.70385798E-02
         800        1100   2.61840913E-02
         825        1100   2.40478609E-02
         850        1100   2.81372033E-02
         875        1100   2.65808161E-02
         900        1100   2.76184008E-02
         925        1100   2.32849214E-02
         950        1100   2.98156701E-02
         975        1100   1.90429725E-02
        1000        1100   2.67028753E-02
           0        1150   2.71911677E-02
          25        1150   2.20031794E-02
          50        1150   2.11792011E-02
          75        1150   3.61938514E-02
         100        1150   2.71301288E-02
         125        1150   3.53698730E-02
         150        1150   2.64282282E-02
         175        1150   2.90222205E-02
         200        1150   3.15856859E-02
         225        1150   3.86657678E-02
         250        1150   3.63464393E-02
         275        1150   2.81982422E-02
         300        1150   3.01513746E-02
         325        1150   2.01110858E-02
         350        1150   4.14123461E-02
         375        1150   3.99169959E-02
         400        1150   2.92968675E-02
         425        1150   3.18603516E-02
         450        1150   2.98156701E-02
         475        1150   2.51159761E-02
         500        1150   3.39965820E-02
         525        1150   2.76489295E-02
         550        1150   3.34472694E-02
         575        1150   3.49731483E-02
         600        1150   3.60107347E-02
         625        1150   2.85644569E-02
         650        1150   3.86352576E-02
         675        1150   3.11279222E-02
         700        1150   3.04260217E-02
         725        1150   3.33251916E-02
         750        1150   1.82189941E-02
         775        1150   1.95922833E-02
         800        1150   2.91748084E-02
         825        1150   3.31115648E-02
         850        1150   2.37121563E-02
         875        1150   3.34777795E-02
         900        1150   2.71911677E-02
         925        1150   3.42712477E-02
         950        1150   2.98767090E-02
         975        1150   2.65197773E-02
        1000        1150   2.19116304E-02
           0        1200   2.75268517E-02
          25        1200   2.38647442E-02
          50        1200   2.96020433E-02
          75        1200   2.67944429E-02
         100        1200   2.82592811E-02
         125        1200   2.19421405E-02
         150        1200   2.10876521E-02
         175        1200   2.84423791E-02
         200        1200   2.59094257E-02
         225        1200   2.89001428E-02
         250        1200   2.63976995E-02
         275        1200   2.72827167E-02
         300        1200   2.88696326E-02
         325        1200   2.72522066E-02
         350        1200   3.24707031E-02
         375        1200   3.82080041E-02
         400        1200   2.58483868E-02
         425        1200   3.59497145E-02
         450        1200   3.03039625E-02
         475        1200   2.58483868E-02
         500        1200   3.55834998E-02
         525        1200   3.16772535E-02
         550        1200   2.91442797E-02
         575        1200   3.45764235E-02
         600        1200   3.10974121E-02
         625        1200   3.02734338E-02
         650        1200   2.90527306E-02
         675        1200   2.70996187E-02
         700        1200   3.16772535E-02
         725        1200   2.45361347E-02
         750        1200   2.15454157E-02
         775        1200   3.47900316E-02
         800        1200   2.47192327E-02
         825        1200   2.97546312E-02
         850        1200   2.43530367E-02
         875        1200   3.06091383E-02
         900        1200   3.02123949E-02
         925        1200   3.12805101E-02
         950        1200   2.69470308E-02
         975        1200   2.15454157E-02
        1000        1200   3.05786096E-02
           0        1250   2.81982422E-02
          25        1250   2.72827167E-02
          50        1250   2.35290583E-02
          75        1250   2.79541053E-02
         100        1250   3.04260217E-02
         125        1250   3.40576209E-02
         150        1250   3.71093787E-02
         175        1250   2.72827167E-02
         200        1250   3.40881310E-02
         225        1250   3.12194899E-02
         250        1250   2.40478609E-02
         275        1250   3.29284668E-02
         300        1250   3.26843299E-02
         325        1250   3.14636268E-02
         350        1250   3.25317420E-02
         375        1250   3.88793945E-02
         400        1250   3.85131799E-02
         425        1250   3.13110389E-02
         450        1250   4.49829064E-02
         475        1250   2.95104943E-02
         500        1250   2.91442797E-02
         525        1250   3.51867750E-02
         550        1250   3.60717736E-02
         575        1250   3.42712477E-02
         600        1250   3.19519006E-02
         625        1250   3.27453688E-02
         650        1250   3.21044885E-02
         675        1250   2.52990741E-02
         700        1250   3.06396484E-02
         725        1250   2.22473163E-02
         750        1250   3.10363732E-02
         775        1250   3.19519006E-02
         800        1250   3.17382738E-02
         825        1250   2.72216778E-02
         850        1250   2.86560059E-02
         875        1250   2.26440411E-02
         900        1250   2.49023493E-02
         925        1250   2.77709886E-02
         950        1250   2.57873479E-02
         975        1250   3.12500000E-02
        1000        1250   3.05786096E-02
           0        1300   2.82592811E-02
          25        1300   2.97851600E-02
          50        1300   3.26843299E-02
          75        1300   3.89099047E-02
         100        1300   3.71704176E-02
         125        1300   2.99682580E-02
         150        1300   3.29589769E-02
         175        1300   2.89306715E-02
         200        1300   3.75976525E-02
         225        1300   3.06701586E-02
         250        1300   3.64074782E-02
         275        1300   3.54003832E-02
         300        1300   2.56957989E-02
         325        1300   3.48205604E-02
         350        1300   4.03442308E-02
         375        1300   3.38745043E-02
         400        1300   3.33862305E-02
         425        1300   3.37524451E-02
         450        1300   4.39147912E-02
         475        1300   2.88391039E-02
         500        1300   3.13720778E-02
         525        1300   2.68859919E-02
         550        1300   3.50952074E-02
         575        1300   3.28979567E-02
         600        1300   2.74047926E-02
         625        1300   2.50244085E-02
         650        1300   2.97851600E-02
         675        1300   3.11279222E-02
         700        1300   2.83508301E-02
         725        1300   2.74353027E-02
         750        1300   2.76794396E-02
         775        1300   2.40173321E-02
         800        1300   2.27661189E-02
         825        1300   2.69470308E-02
         850        1300   2.61230525E-02
         875        1300   3.34777795E-02
         900        1300   1.29089477E-02
         925        1300   2.50244085E-02
         950        1300   2.35595684E-02
         975        1300   2.71606389E-02
        1000        1300   2.53601130E-02
           0        1350   2.54211519E-02
          25        1350   2.54211519E-02
          50        1350   2.17590425E-02
          75        1350   2.71911677E-02
         100        1350   2.77099684E-02
         125        1350   3.07006873E-02
         150        1350   3.21350172E-02
         175        1350   3.21350172E-02
         200        1350   2.87170447E-02
         225        1350   2.85644569E-02
         250        1350   2.96020433E-02
         275        1350   2.89001428E-02
         300        1350   3.05480994E-02
         325        1350   3.44848558E-02
         350        1350   3.23791541E-02
         375        1350   2.90832594E-02
         400        1350   2.99987867E-02
         425        1350   2.64282282E-02
         450        1350   3.01208459E-02
         475        1350   3.29895057E-02
         500        1350   2.85034180E-02
         525        1350   2.93273963E-02
         550        1350   2.10876521E-02
         575        1350   2.36206073E-02
         600        1350   3.32031325E-02
         625        1350   3.31115648E-02
         650        1350   2.47192327E-02
         675        1350   2.06298884E-02
         700        1350   2.38037053E-02
         725        1350   2.82897912E-02
         750        1350   2.77709886E-02
         775        1350   2.20031794E-02
         800        1350   2.14538667E-02
         825        1350   2.39562932E-02
         850        1350   2.49328595E-02
         875        1350   2.26745699E-02
         900        1350   2.44750958E-02
         925        1350   2.03857515E-02
         950        1350   2.93273963E-02
         975        1350   2.21252386E-02
        1000        1350   2.36206073E-02
           0        1400   2.46582124E-02
          25        1400   2.37426851E-02
          50        1400   2.21252386E-02
          75        1400   2.64587384E-02
         100        1400   2.72827167E-02
         125        1400   3.12194899E-02
         150        1400   3.09448242E-02
         175        1400   2.75268517E-02
         200        1400   2.46276837E-02
         225        1400   3.21044885E-02
         250        1400   3.11889611E-02
         275        1400   2.82897912E-02
         300        1400   2.68859919E-02
         325        1400   2.34985296E-02
         350        1400   3.01513746E-02
         375        1400   2.86560059E-02
         400        1400   3.52172852E-02
         425        1400   3.11279222E-02
         450        1400   3.81469652E-02
         475        1400   3.69873010E-02
         500        1400   3.40881310E-02
         525        1400   2.96020433E-02
         550        1400   2.98156701E-02
         575        1400   2.30407659E-02
         600        1400   3.57360877E-02
         625        1400   2.47497614E-02
         650        1400   2.78625563E-02
         675        1400   3.34777795E-02
         700        1400   2.92968675E-02
         725        1400   2.70996187E-02
         750        1400   2.40783710E-02
         775        1400   2.68859919E-02
         800        1400   3.00292969E-02
         825        1400   2.64892671E-02
         850        1400   2.77709886E-02
         875        1400   2.24914532E-02
         900        1400   2.31018048E-02
         925        1400   2.56652888E-02
         950        1400   2.39562932E-02
         975        1400   1.87377967E-02
        1000        1400   2.18811017E-02
           0        1450   2.45666448E-02
          25        1450   3.18908617E-02
          50        1450   3.04870605E-02
          75        1450   2.45971736E-02
         100        1450   2.63061505E-02
         125        1450   2.30102558E-02
         150        1450   2.63976995E-02
         175        1450   2.19116304E-02
         200        1450   2.42919978E-02
         225        1450   2.84729078E-02
         250        1450   3.06396484E-02
         275        1450   2.07824763E-02
         300        1450   3.00292969E-02
         325        1450   2.83508301E-02
         350        1450   3.13415490E-02
         375        1450   2.85034180E-02
         400        1450   3.05175707E-02
         425        1450   2.47802716E-02
         450        1450   2.57568378E-02
         475        1450   2.31933538E-02
         500        1450   2.00805757E-02
         525        1450   2.73742639E-02
         550        1450   2.08129864E-02
         575        1450   2.42614690E-02
         600        1450   2.93273963E-02
         625        1450   2.05688495E-02
         650        1450   2.09655743E-02
         675        1450   2.93884352E-02
         700        1450   2.19116304E-02
         725        1450   2.34069806E-02
         750        1450   2.35595684E-02
         775        1450   2.22168062E-02
         800        1450   2.53295843E-02
         825        1450   2.87780836E-02
         850        1450   2.55432110E-02
         875        1450   2.37731952E-02
         900        1450   2.21252386E-02
         925        1450   1.87988356E-02
         950        1450   2.21862774E-02
         975        1450   2.32238825E-02
        1000        1450   2.56042499E-02
           0        1500   2.69165020E-02
          25        1500   2.23388653E-02
          50        1500   3.77502404E-02
          75        1500   2.81982422E-02
         100        1500   2.00195368E-02
         125        1500   3.11584510E-02
         150        1500   3.00598070E-02
         175        1500   2.78930664E-02
         200        1500   3.31115648E-02
         225        1500   2.90832594E-02
         250        1500   3.68042029E-02
         275        1500   2.57568378E-02
         300        1500   2.32849214E-02
         325        1500   3.00598070E-02
         350        1500   3.17688026E-02
         375        1500   3.11889611E-02
         400        1500   2.86865160E-02
         425        1500   3.53698730E-02
         450        1500   3.02123949E-02
         475        1500   2.78320275E-02
         500        1500   3.34472694E-02
         525        1500   2.25524921E-02
         550        1500   2.70080511E-02
         575        1500   3.13720778E-02
         600        1500   3.03955115E-02
         625        1500   2.96020433E-02
         650        1500   2.65808161E-02
         675        1500   2.72216778E-02
         700        1500   2.82592811E-02
         725        1500   2.75878906E-02
         750        1500   2.38037053E-02
         775        1500   2.66723651E-02
         800        1500   2.16369648E-02
         825        1500   2.52685640E-02
         850        1500   2.84118690E-02
         875        1500   2.67028753E-02
         900        1500   2.20642183E-02
         925        1500   3.86352576E-02
         950        1500   2.09045354E-02
         975        1500   3.27148400E-02
        1000        1500   2.65502874E-02
