           0           0 -0.122497573    
          25           0 -0.123107925    
          50           0 -0.123077378    
          75           0 -0.122863770    
         100           0 -0.122894280    
         125           0 -0.122772202    
         150           0 -0.123077378    
         175           0 -0.123596199    
         200           0 -0.123291023    
         225           0 -0.123046868    
         250           0 -0.122894280    
         275           0 -0.123931885    
         300           0 -0.122894280    
         325           0 -0.124206550    
         350           0 -0.122589104    
         375           0 -0.124572746    
         400           0 -0.123016357    
         425           0 -0.123687729    
         450           0 -0.124053963    
         475           0 -0.123870865    
         500           0 -0.123931885    
         525           0 -0.124298081    
         550           0 -0.123962395    
         575           0 -0.123992905    
         600           0 -0.124023452    
         625           0 -0.124053963    
         650           0 -0.124694824    
         675           0 -0.124542236    
         700           0 -0.124328628    
         725           0 -0.124664314    
         750           0 -0.124450669    
         775           0 -0.124328628    
         800           0 -0.124481216    
         825           0 -0.124664314    
         850           0 -0.124877922    
         875           0 -0.125122085    
         900           0 -0.124938980    
         925           0 -0.124084473    
         950           0 -0.124725334    
         975           0 -0.124603257    
        1000           0 -0.124908432    
           0          50 -0.124725334    
          25          50 -0.124572746    
          50          50 -0.124389648    
          75          50 -0.124328628    
         100          50 -0.124572746    
         125          50 -0.124114983    
         150          50 -0.124481216    
         175          50 -0.124176040    
         200          50 -0.124114983    
         225          50 -0.124206550    
         250          50 -0.124328628    
         275          50 -0.123870865    
         300          50 -0.123931885    
         325          50 -0.124176040    
         350          50 -0.122039810    
         375          50 -0.124969490    
         400          50 -0.123687729    
         425          50 -0.123931885    
         450          50 -0.123474121    
         475          50 -0.123992905    
         500          50 -0.123718277    
         525          50 -0.123687729    
         550          50 -0.123657219    
         575          50 -0.123321533    
         600          50 -0.123687729    
         625          50 -0.122924790    
         650          50 -0.123229966    
         675          50 -0.123474121    
         700          50 -0.123779297    
         725          50 -0.123687729    
         750          50 -0.123413101    
         775          50 -0.122924790    
         800          50 -0.123260513    
         825          50 -0.123382553    
         850          50 -0.123535141    
         875          50 -0.123565689    
         900          50 -0.123138435    
         925          50 -0.122924790    
         950          50 -0.122833259    
         975          50 -0.123199455    
        1000          50 -0.124267571    
           0         100 -0.123413101    
          25         100 -0.123107925    
          50         100 -0.123199455    
          75         100 -0.122863770    
         100         100 -0.122924790    
         125         100 -0.122558594    
         150         100 -0.122589104    
         175         100 -0.122650161    
         200         100 -0.122894280    
         225         100 -0.121673577    
         250         100 -0.122802749    
         275         100 -0.122375496    
         300         100 -0.122314438    
         325         100 -0.122253418    
         350         100 -0.122039810    
         375         100 -0.121948242    
         400         100 -0.122314438    
         425         100 -0.121856675    
         450         100 -0.121917732    
         475         100 -0.112701401    
         500         100 -0.128051758    
         525         100 -0.122283928    
         550         100 -0.122070320    
         575         100 -0.121795654    
         600         100 -0.121612556    
         625         100 -0.121856675    
         650         100 -0.121704087    
         675         100 -0.122283928    
         700         100 -0.121917732    
         725         100 -0.121765144    
         750         100 -0.121887222    
         775         100 -0.121887222    
         800         100 -0.121887222    
         825         100 -0.121887222    
         850         100 -0.122039810    
         875         100 -0.121765144    
         900         100 -0.121734634    
         925         100 -0.122161850    
         950         100 -0.121917732    
         975         100 -0.122070320    
        1000         100 -0.122253418    
           0         150 -0.122192398    
          25         150 -0.122344986    
          50         150 -0.121307380    
          75         150 -0.121582046    
         100         150 -0.122253418    
         125         150 -0.121704087    
         150         150 -0.121337891    
         175         150 -0.121520989    
         200         150 -0.121459968    
         225         150 -0.121551499    
         250         150 -0.121215813    
         275         150 -0.121276870    
         300         150 -0.121215813    
         325         150 -0.121154793    
         350         150 -0.120941147    
         375         150 -0.121154793    
         400         150 -0.120971695    
         425         150 -0.120910637    
         450         150 -0.120849617    
         475         150 -0.120941147    
         500         150 -0.120910637    
         525         150 -0.120574951    
         550         150 -0.120941147    
         575         150 -0.120788559    
         600         150 -0.120758049    
         625         150 -0.120727539    
         650         150 -0.121002205    
         675         150 -0.121185303    
         700         150 -0.120941147    
         725         150 -0.120941147    
         750         150 -0.121093735    
         775         150 -0.121124282    
         800         150 -0.121307380    
         825         150 -0.121063225    
         850         150 -0.121215813    
         875         150 -0.121246323    
         900         150 -0.121124282    
         925         150 -0.120971695    
         950         150 -0.121246323    
         975         150 -0.121124282    
        1000         150 -0.121734634    
           0         200 -0.121459968    
          25         200 -0.120849617    
          50         200 -0.121643066    
          75         200 -0.120788559    
         100         200 -0.120819107    
         125         200 -0.120574951    
         150         200 -0.121063225    
         175         200 -0.120605461    
         200         200 -0.120971695    
         225         200 -0.120513931    
         250         200 -0.120574951    
         275         200 -0.120208755    
         300         200 -0.121002205    
         325         200 -0.119995110    
         350         200 -0.120605461    
         375         200 -0.119689934    
         400         200 -0.120727539    
         425         200 -0.120025620    
         450         200 -0.119934089    
         475         200 -0.120147698    
         500         200 -0.119812012    
         525         200 -0.119720444    
         550         200 -0.119781502    
         575         200 -0.119720444    
         600         200 -0.120422363    
         625         200 -0.120361343    
         650         200 -0.120422363    
         675         200 -0.120025620    
         700         200 -0.119537346    
         725         200 -0.120330796    
         750         200 -0.120391853    
         775         200 -0.120300286    
         800         200 -0.120941147    
         825         200 -0.120635971    
         850         200 -0.120697029    
         875         200 -0.120147698    
         900         200 -0.120849617    
         925         200 -0.120635971    
         950         200 -0.120208755    
         975         200 -0.121215813    
        1000         200 -0.121063225    
           0         250 -0.120788559    
          25         250 -0.120788559    
          50         250 -0.120178208    
          75         250 -0.120361343    
         100         250 -0.120605461    
         125         250 -0.120147698    
         150         250 -0.120056167    
         175         250 -0.119964600    
         200         250 -0.120330796    
         225         250 -0.119415268    
         250         250 -0.119995110    
         275         250 -0.119659424    
         300         250 -0.119720444    
         325         250 -0.119354248    
         350         250 -0.119232170    
         375         250 -0.119415268    
         400         250 -0.119354248    
         425         250 -0.118682876    
         450         250 -0.118957505    
         475         250 -0.118865974    
         500         250 -0.119079582    
         525         250 -0.118743896    
         550         250 -0.118652329    
         575         250 -0.118560798    
         600         250 -0.118774407    
         625         250 -0.119506836    
         650         250 -0.119323738    
         675         250 -0.119232170    
         700         250 -0.118957505    
         725         250 -0.119079582    
         750         250 -0.119537346    
         775         250 -0.119934089    
         800         250 -0.119781502    
         825         250 -0.119262680    
         850         250 -0.119537346    
         875         250 -0.119720444    
         900         250 -0.120391853    
         925         250 -0.119812012    
         950         250 -0.119995110    
         975         250 -0.119903579    
        1000         250 -0.120239265    
           0         300 -0.119476326    
          25         300 -0.119323738    
          50         300 -0.119140640    
          75         300 -0.119384758    
         100         300 -0.119537346    
         125         300 -0.119110093    
         150         300 -0.118133545    
         175         300 -0.118957505    
         200         300 -0.118774407    
         225         300 -0.119323738    
         250         300 -0.118926995    
         275         300 -0.117675781    
         300         300 -0.118926995    
         325         300 -0.117584214    
         350         300 -0.118865974    
         375         300 -0.117401116    
         400         300 -0.118530288    
         425         300 -0.117492683    
         450         300 -0.117462173    
         475         300 -0.116851822    
         500         300 -0.117523193    
         525         300 -0.117614761    
         550         300 -0.117431626    
         575         300 -0.117523193    
         600         300 -0.117797859    
         625         300 -0.117675781    
         650         300 -0.118286133    
         675         300 -0.117950447    
         700         300 -0.118133545    
         725         300 -0.117736802    
         750         300 -0.118316643    
         775         300 -0.118560798    
         800         300 -0.118682876    
         825         300 -0.118652329    
         850         300 -0.118743896    
         875         300 -0.118835464    
         900         300 -0.118926995    
         925         300 -0.118713386    
         950         300 -0.119049072    
         975         300 -0.118988052    
        1000         300 -0.119049072    
           0         350 -0.118469231    
          25         350 -0.117858879    
          50         350 -0.118194565    
          75         350 -0.117553703    
         100         350 -0.118621819    
         125         350 -0.117797859    
         150         350 -0.117553703    
         175         350 -0.117584214    
         200         350 -0.117797859    
         225         350 -0.117462173    
         250         350 -0.117523193    
         275         350 -0.117156997    
         300         350 -0.116882332    
         325         350 -0.116882332    
         350         350 -0.116760254    
         375         350 -0.116333000    
         400         350 -0.116607666    
         425         350 -0.115600571    
         450         350 -0.115936294    
         475         350 -0.115936294    
         500         350 -0.115966804    
         525         350 -0.115875237    
         550         350 -0.115936294    
         575         350 -0.116180412    
         600         350 -0.116180412    
         625         350 -0.116638176    
         650         350 -0.116271980    
         675         350 -0.116577156    
         700         350 -0.116485588    
         725         350 -0.117126450    
         750         350 -0.117126450    
         775         350 -0.117248528    
         800         350 -0.117370605    
         825         350 -0.117645271    
         850         350 -0.117492683    
         875         350 -0.117584214    
         900         350 -0.117828369    
         925         350 -0.117645271    
         950         350 -0.117706291    
         975         350 -0.117767349    
        1000         350 -0.118286133    
           0         400 -0.116943352    
          25         400 -0.116943352    
          50         400 -0.116790764    
          75         400 -0.116607666    
         100         400 -0.116851822    
         125         400 -0.116394058    
         150         400 -0.116149902    
         175         400 -0.116485588    
         200         400 -0.116455078    
         225         400 -0.115814216    
         250         400 -0.116577156    
         275         400 -0.115386963    
         300         400 -0.116088882    
         325         400 -0.115295395    
         350         400 -0.114807121    
         375         400 -0.115478531    
         400         400 -0.114959709    
         425         400 -0.115112297    
         450         400 -0.114868179    
         475         400 -0.113983162    
         500         400 -0.114624023    
         525         400 -0.114685044    
         550         400 -0.114929199    
         575         400 -0.115386963    
         600         400 -0.115020767    
         625         400 -0.114563003    
         650         400 -0.114929199    
         675         400 -0.115692139    
         700         400 -0.115997314    
         725         400 -0.116027825    
         750         400 -0.115112297    
         775         400 -0.115814216    
         800         400 -0.117431626    
         825         400 -0.116302490    
         850         400 -0.116241470    
         875         400 -0.116607666    
         900         400 -0.116271980    
         925         400 -0.116607666    
         950         400 -0.117004409    
         975         400 -0.117156997    
        1000         400 -0.117004409    
           0         450 -0.115997314    
          25         450 -0.114166260    
          50         450 -0.115325943    
          75         450 -0.115112297    
         100         450 -0.115325943    
         125         450 -0.114685044    
         150         450 -0.115295395    
         175         450 -0.115142807    
         200         450 -0.114654534    
         225         450 -0.116668686    
         250         450 -0.112548813    
         275         450 -0.116546646    
         300         450 -0.114440925    
         325         450 -0.112152107    
         350         450 -0.114624023    
         375         450 -0.114807121    
         400         450 -0.112121597    
         425         450 -0.113311753    
         450         450 -0.114074692    
         475         450 -0.111816421    
         500         450 -0.114135750    
         525         450 -0.114563003    
         550         450 -0.111389168    
         575         450 -0.114563003    
         600         450 -0.114044182    
         625         450 -0.112152107    
         650         450 -0.114135750    
         675         450 -0.114440925    
         700         450 -0.114776611    
         725         450 -0.113159165    
         750         450 -0.114685044    
         775         450 -0.115631118    
         800         450 -0.114288338    
         825         450 -0.114288338    
         850         450 -0.116119392    
         875         450 -0.115112297    
         900         450 -0.115051277    
         925         450 -0.115112297    
         950         450 -0.115936294    
         975         450 -0.115997314    
        1000         450 -0.114959709    
           0         500 -0.114440925    
          25         500 -0.113983162    
          50         500 -0.114349358    
          75         500 -0.114196770    
         100         500 -0.113403320    
         125         500 -0.113830574    
         150         500 -0.113616928    
         175         500 -0.113983162    
         200         500 -0.113983162    
         225         500 -0.113220222    
         250         500 -0.113067634    
         275         500 -0.113372810    
         300         500 -0.112853989    
         325         500 -0.113159165    
         350         500 -0.112487793    
         375         500 -0.112609871    
         400         500 -0.112182617    
         425         500 -0.111999519    
         450         500 -0.112121597    
         475         500 -0.111846931    
         500         500 -0.112152107    
         525         500 -0.111938462    
         550         500 -0.111999519    
         575         500 -0.112243637    
         600         500 -0.112548813    
         625         500 -0.112457283    
         650         500 -0.112640381    
         675         500 -0.112853989    
         700         500 -0.113098145    
         725         500 -0.113220222    
         750         500 -0.113494888    
         775         500 -0.113647476    
         800         500 -0.113800064    
         825         500 -0.113800064    
         850         500 -0.114227280    
         875         500 -0.114105240    
         900         500 -0.114532456    
         925         500 -0.114410415    
         950         500 -0.114685044    
         975         500 -0.114532456    
        1000         500 -0.114776611    
           0         550 -0.113281243    
          25         550 -0.113281243    
          50         550 -0.112823479    
          75         550 -0.112731948    
         100         550 -0.113250732    
         125         550 -0.112823479    
         150         550 -0.112152107    
         175         550 -0.112579361    
         200         550 -0.112670891    
         225         550 -0.111724854    
         250         550 -0.112884536    
         275         550 -0.111114502    
         300         550 -0.112487793    
         325         550 -0.110687248    
         350         550 -0.112030029    
         375         550 -0.110198975    
         400         550 -0.111816421    
         425         550 -0.111236580    
         450         550 -0.110229485    
         475         550 -0.110412583    
         500         550 -0.111602776    
         525         550 -0.111236580    
         550         550 -0.110321052    
         575         550 -0.110595718    
         600         550 -0.111419678    
         625         550 -0.112121597    
         650         550 -0.111267090    
         675         550 -0.110504150    
         700         550 -0.112640381    
         725         550 -0.112945557    
         750         550 -0.111724854    
         775         550 -0.112182617    
         800         550 -0.113800064    
         825         550 -0.112365715    
         850         550 -0.111938462    
         875         550 -0.114624023    
         900         550 -0.113128655    
         925         550 -0.112304695    
         950         550 -0.113739006    
         975         550 -0.114563003    
        1000         550 -0.113372810    
           0         600 -0.112304695    
          25         600 -0.111541755    
          50         600 -0.111694343    
          75         600 -0.112060539    
         100         600 -0.112060539    
         125         600 -0.111755364    
         150         600 -0.111541755    
         175         600 -0.111145012    
         200         600 -0.111145012    
         225         600 -0.111328110    
         250         600 -0.110504150    
         275         600 -0.111969009    
         300         600 -0.109802231    
         325         600 -0.111145012    
         350         600 -0.109466545    
         375         600 -0.110961914    
         400         600 -0.109313957    
         425         600 -0.109619133    
         450         600 -0.109893799    
         475         600 -0.109649643    
         500         600 -0.110137954    
         525         600 -0.109832779    
         550         600 -0.109619133    
         575         600 -0.109985366    
         600         600 -0.110137954    
         625         600 -0.110015877    
         650         600 -0.110473640    
         675         600 -0.110870346    
         700         600 -0.111175522    
         725         600 -0.111206070    
         750         600 -0.111358657    
         775         600 -0.111816421    
         800         600 -0.111572266    
         825         600 -0.111846931    
         850         600 -0.112152107    
         875         600 -0.112335205    
         900         600 -0.112976067    
         925         600 -0.112487793    
         950         600 -0.112915047    
         975         600 -0.112640381    
        1000         600 -0.112884536    
           0         650 -0.111206070    
          25         650 -0.110595718    
          50         650 -0.110931404    
          75         650 -0.110900894    
         100         650 -0.110565171    
         125         650 -0.110626228    
         150         650 -0.110565171    
         175         650 -0.110046387    
         200         650 -0.110656738    
         225         650 -0.109893799    
         250         650 -0.109588623    
         275         650 -0.109405525    
         300         650 -0.109680191    
         325         650 -0.109283447    
         350         650 -0.109283447    
         375         650 -0.108551018    
         400         650 -0.108917251    
         425         650 -0.108032234    
         450         650 -0.109436035    
         475         650 -0.108428940    
         500         650 -0.107360825    
         525         650 -0.108398430    
         550         650 -0.109405525    
         575         650 -0.108947761    
         600         650 -0.108062744    
         625         650 -0.108825684    
         650         650 -0.109924309    
         675         650 -0.109558113    
         700         650 -0.109375015    
         725         650 -0.110046387    
         750         650 -0.110839836    
         775         650 -0.109619133    
         800         650 -0.110534661    
         825         650 -0.111633286    
         850         650 -0.111389168    
         875         650 -0.110565171    
         900         650 -0.111206070    
         925         650 -0.111816421    
         950         650 -0.112213127    
         975         650 -0.111724854    
        1000         650 -0.111389168    
           0         700 -0.110076897    
          25         700 -0.109313957    
          50         700 -0.110534661    
          75         700 -0.109283447    
         100         700 -0.109588623    
         125         700 -0.109832779    
         150         700 -0.108764663    
         175         700 -0.110076897    
         200         700 -0.108337410    
         225         700 -0.108825684    
         250         700 -0.109161370    
         275         700 -0.108367920    
         300         700 -0.108184822    
         325         700 -0.108306900    
         350         700 -0.107727058    
         375         700 -0.107818589    
         400         700 -0.108123764    
         425         700 -0.106994629    
         450         700 -0.107788078    
         475         700 -0.106658943    
         500         700 -0.106842041    
         525         700 -0.107727058    
         550         700 -0.107452393    
         575         700 -0.106811531    
         600         700 -0.108032234    
         625         700 -0.107849136    
         650         700 -0.107604980    
         675         700 -0.108520508    
         700         700 -0.109008782    
         725         700 -0.108642586    
         750         700 -0.109375015    
         775         700 -0.109619133    
         800         700 -0.109558113    
         825         700 -0.110198975    
         850         700 -0.110321052    
         875         700 -0.110259995    
         900         700 -0.110748306    
         925         700 -0.110534661    
         950         700 -0.111145012    
         975         700 -0.111389168    
        1000         700 -0.111022934    
           0         750 -0.109191880    
          25         750 -0.108886704    
          50         750 -0.109130859    
          75         750 -0.108673096    
         100         750 -0.108581528    
         125         750 -0.109100349    
         150         750 -0.108215332    
         175         750 -0.108673096    
         200         750 -0.107879646    
         225         750 -0.108154312    
         250         750 -0.107757568    
         275         750 -0.107910156    
         300         750 -0.107208237    
         325         750 -0.106994629    
         350         750 -0.106933609    
         375         750 -0.106445298    
         400         750 -0.106048591    
         425         750 -0.105468750    
         450         750 -0.105743416    
         475         750 -0.105987534    
         500         750 -0.105407730    
         525         750 -0.105804436    
         550         750 -0.105865493    
         575         750 -0.105651848    
         600         750 -0.106475845    
         625         750 -0.106414787    
         650         750 -0.106475845    
         675         750 -0.107452393    
         700         750 -0.107391372    
         725         750 -0.107421882    
         750         750 -0.108184822    
         775         750 -0.108459488    
         800         750 -0.108886704    
         825         750 -0.108886704    
         850         750 -0.108825684    
         875         750 -0.109619133    
         900         750 -0.109924309    
         925         750 -0.109619133    
         950         750 -0.110107407    
         975         750 -0.110046387    
        1000         750 -0.110229485    
           0         800 -0.108123764    
          25         800 -0.108123764    
          50         800 -0.107666001    
          75         800 -0.107879646    
         100         800 -0.107849136    
         125         800 -0.107208237    
         150         800 -0.107666001    
         175         800 -0.107482903    
         200         800 -0.107116707    
         225         800 -0.107147217    
         250         800 -0.106750473    
         275         800 -0.106445298    
         300         800 -0.106262200    
         325         800 -0.105926514    
         350         800 -0.105712906    
         375         800 -0.105194084    
         400         800 -0.105072007    
         425         800 -0.104522713    
         450         800 -0.104675300    
         475         800 -0.104156479    
         500         800 -0.104187027    
         525         800 -0.104431145    
         550         800 -0.104309067    
         575         800 -0.104339615    
         600         800 -0.104705811    
         625         800 -0.104858398    
         650         800 -0.105346672    
         675         800 -0.105773926    
         700         800 -0.106262200    
         725         800 -0.106506355    
         750         800 -0.106445298    
         775         800 -0.107238784    
         800         800 -0.107849136    
         825         800 -0.107757568    
         850         800 -0.107879646    
         875         800 -0.108276352    
         900         800 -0.108856194    
         925         800 -0.108734116    
         950         800 -0.109130859    
         975         800 -0.108795173    
        1000         800 -0.109863289    
           0         850 -0.107360825    
          25         850 -0.107513413    
          50         850 -0.106475845    
          75         850 -0.106750473    
         100         850 -0.107727058    
         125         850 -0.105865493    
         150         850 -0.107116707    
         175         850 -0.106536865    
         200         850 -0.105834946    
         225         850 -0.105621338    
         250         850 -0.105865493    
         275         850 -0.105438240    
         300         850 -0.106170669    
         325         850 -0.104187027    
         350         850 -0.104400635    
         375         850 -0.103210442    
         400         850 -0.103515618    
         425         850 -0.103363030    
         450         850 -0.103698716    
         475         850 -0.102783188    
         500         850 -0.102783188    
         525         850 -0.101776130    
         550         850 -0.102294914    
         575         850 -0.103149422    
         600         850 -0.102539070    
         625         850 -0.103942871    
         650         850 -0.104583733    
         675         850 -0.104400635    
         700         850 -0.104583733    
         725         850 -0.104461655    
         750         850 -0.105499260    
         775         850 -0.105957024    
         800         850 -0.106903061    
         825         850 -0.107208237    
         850         850 -0.107482903    
         875         850 -0.107574470    
         900         850 -0.107452393    
         925         850 -0.108154312    
         950         850 -0.107116707    
         975         850 -0.108245842    
        1000         850 -0.108673096    
           0         900 -0.106353767    
          25         900 -0.106506355    
          50         900 -0.105316162    
          75         900 -0.106475845    
         100         900 -0.105926514    
         125         900 -0.105560318    
         150         900 -0.106201179    
         175         900 -0.105316162    
         200         900 -0.105316162    
         225         900 -0.105041496    
         250         900 -0.104888909    
         275         900 -0.105041496    
         300         900 -0.104034439    
         325         900 -0.103759773    
         350         900 -0.103637695    
         375         900 -0.102935776    
         400         900 -0.102905266    
         425         900 -0.101715073    
         450         900 -0.101715073    
         475         900 -0.101501465    
         500         900 -0.101165779    
         525         900 -0.100982681    
         550         900 -0.101440445    
         575         900 -0.101135269    
         600         900 -0.101867661    
         625         900 -0.102172837    
         650         900 -0.102691658    
         675         900 -0.103454597    
         700         900 -0.103271499    
         725         900 -0.104370125    
         750         900 -0.105041496    
         775         900 -0.105163574    
         800         900 -0.105682358    
         825         900 -0.105926514    
         850         900 -0.105987534    
         875         900 -0.106597885    
         900         900 -0.106964119    
         925         900 -0.107025139    
         950         900 -0.107330315    
         975         900 -0.107482903    
        1000         900 -0.108062744    
           0         950 -0.105651848    
          25         950 -0.105804436    
          50         950 -0.105682358    
          75         950 -0.105377182    
         100         950 -0.105621338    
         125         950 -0.104400635    
         150         950 -0.106292710    
         175         950 -0.103881851    
         200         950 -0.105377182    
         225         950 -0.104339615    
         250         950 -0.104766831    
         275         950 -0.102874756    
         300         950 -0.103515618    
         325         950 -0.103912361    
         350         950 -0.102752678    
         375         950 -0.101226799    
         400         950 -0.101135269    
         425         950 -0.101135269    
         450         950 -0.100769036    
         475         950 -0.100402839    
         500         950 -0.100036606    
         525         950  -9.95178223E-02
         550         950  -9.91210788E-02
         575         950  -9.97924879E-02
         600         950 -0.100219741    
         625         950 -0.100769036    
         650         950 -0.101898208    
         675         950 -0.101867661    
         700         950 -0.103302009    
         725         950 -0.103454597    
         750         950 -0.103393540    
         775         950 -0.103698716    
         800         950 -0.104766831    
         825         950 -0.104919419    
         850         950 -0.106079102    
         875         950 -0.106475845    
         900         950 -0.106231689    
         925         950 -0.106140122    
         950         950 -0.103973381    
         975         950 -0.108795173    
        1000         950 -0.106689453    
           0        1000 -0.105072007    
          25        1000 -0.104003891    
          50        1000 -0.104705811    
          75        1000 -0.104522713    
         100        1000 -0.104766831    
         125        1000 -0.104614243    
         150        1000 -0.104125969    
         175        1000 -0.104461655    
         200        1000 -0.104125969    
         225        1000 -0.104644790    
         250        1000 -0.103149422    
         275        1000 -0.101959229    
         300        1000 -0.102874756    
         325        1000 -0.101623543    
         350        1000 -0.100616448    
         375        1000 -0.100097664    
         400        1000  -9.94262546E-02
         425        1000  -9.70459059E-02
         450        1000  -9.68933180E-02
         475        1000  -9.67407301E-02
         500        1000  -9.57946926E-02
         525        1000  -9.63134766E-02
         550        1000  -9.72290039E-02
         575        1000  -9.68933180E-02
         600        1000  -9.79003757E-02
         625        1000  -9.94568020E-02
         650        1000  -9.87243727E-02
         675        1000 -0.100219741    
         700        1000 -0.101226799    
         725        1000 -0.100219741    
         750        1000 -0.102722168    
         775        1000 -0.102172837    
         800        1000 -0.103057854    
         825        1000 -0.103576675    
         850        1000 -0.103637695    
         875        1000 -0.104217537    
         900        1000 -0.104522713    
         925        1000 -0.104949966    
         950        1000 -0.105377182    
         975        1000 -0.105346672    
        1000        1000 -0.105834946    
           0        1050 -0.100921623    
          25        1050 -0.100769036    
          50        1050  -9.99755859E-02
          75        1050  -9.97924879E-02
         100        1050  -9.96093899E-02
         125        1050  -9.89684910E-02
         150        1050  -9.85412747E-02
         175        1050  -9.80835110E-02
         200        1050  -9.71374363E-02
         225        1050  -9.63744968E-02
         250        1050  -9.52453613E-02
         275        1050  -9.41467360E-02
         300        1050  -9.21936035E-02
         325        1050  -9.06067044E-02
         350        1050  -8.93554538E-02
         375        1050  -8.79211426E-02
         400        1050  -8.71887133E-02
         425        1050  -8.86840820E-02
         450        1050  -9.06982347E-02
         475        1050  -9.29260328E-02
         500        1050  -9.42382663E-02
         525        1050  -9.48181078E-02
         550        1050  -9.73815918E-02
         575        1050  -9.72900242E-02
         600        1050  -9.79003757E-02
         625        1050  -9.83276293E-02
         650        1050  -9.91516262E-02
         675        1050  -9.92431566E-02
         700        1050 -0.100280762    
         725        1050 -0.100341782    
         750        1050 -0.100738525    
         775        1050 -0.101409897    
         800        1050 -0.101959229    
         825        1050 -0.102050796    
         850        1050 -0.102661148    
         875        1050 -0.102691658    
         900        1050 -0.103393540    
         925        1050 -0.103546128    
         950        1050 -0.103790283    
         975        1050 -0.103851303    
        1000        1050 -0.104309067    
           0        1100  -9.76867676E-02
          25        1100  -9.76867676E-02
          50        1100  -9.66186523E-02
          75        1100  -9.65576321E-02
         100        1100  -9.60693210E-02
         125        1100  -9.42993239E-02
         150        1100  -9.39025804E-02
         175        1100  -9.46044996E-02
         200        1100  -9.23461914E-02
         225        1100  -9.12170559E-02
         250        1100  -8.78601223E-02
         275        1100  -8.42895433E-02
         300        1100  -8.51440504E-02
         325        1100  -8.65173414E-02
         350        1100  -8.67309496E-02
         375        1100  -8.36181715E-02
         400        1100  -8.54797363E-02
         425        1100  -8.57849121E-02
         450        1100  -8.92944336E-02
         475        1100  -9.21936035E-02
         500        1100  -9.45129320E-02
         525        1100  -9.74121019E-02
         550        1100  -9.53063816E-02
         575        1100  -9.90295485E-02
         600        1100  -9.76867676E-02
         625        1100  -9.77783352E-02
         650        1100  -9.86328050E-02
         675        1100  -9.92126465E-02
         700        1100 -0.100067154    
         725        1100 -0.100952134    
         750        1100 -0.100494370    
         775        1100 -0.100860603    
         800        1100 -0.100738525    
         825        1100 -0.101562485    
         850        1100 -0.102172837    
         875        1100 -0.101745620    
         900        1100 -0.102508560    
         925        1100 -0.101989739    
         950        1100 -0.103118911    
         975        1100 -0.102600090    
        1000        1100 -0.102966323    
           0        1150  -9.59777907E-02
          25        1150  -9.53674391E-02
          50        1150  -9.53979492E-02
          75        1150  -9.53063816E-02
         100        1150  -9.52148512E-02
         125        1150  -9.37499925E-02
         150        1150  -9.39941481E-02
         175        1150  -9.19189379E-02
         200        1150  -9.23767015E-02
         225        1150  -9.10644680E-02
         250        1150  -9.01794508E-02
         275        1150  -8.77075344E-02
         300        1150  -8.73107910E-02
         325        1150  -8.71887133E-02
         350        1150  -8.63036960E-02
         375        1150  -8.64562839E-02
         400        1150  -8.28247219E-02
         425        1150  -8.91113356E-02
         450        1150  -9.17053297E-02
         475        1150  -9.14001539E-02
         500        1150  -9.27123874E-02
         525        1150  -9.34143066E-02
         550        1150  -9.83886868E-02
         575        1150  -9.93347242E-02
         600        1150  -9.84802172E-02
         625        1150  -9.86938626E-02
         650        1150  -9.95178223E-02
         675        1150  -9.86633152E-02
         700        1150 -0.100524917    
         725        1150  -9.91516262E-02
         750        1150 -0.100708015    
         775        1150 -0.100524917    
         800        1150 -0.100189194    
         825        1150 -0.101531975    
         850        1150 -0.100799546    
         875        1150 -0.102111816    
         900        1150 -0.102111816    
         925        1150 -0.101104721    
         950        1150 -0.103332520    
         975        1150 -0.101409897    
        1000        1150 -0.102050796    
           0        1200  -9.66186523E-02
          25        1200  -9.67712402E-02
          50        1200  -9.60388109E-02
          75        1200  -9.72900242E-02
         100        1200  -9.56115574E-02
         125        1200  -9.52453613E-02
         150        1200  -9.56115574E-02
         175        1200  -9.53369290E-02
         200        1200  -9.48791653E-02
         225        1200  -9.43603441E-02
         250        1200  -9.43908542E-02
         275        1200  -9.40246582E-02
         300        1200  -9.39330906E-02
         325        1200  -9.31091309E-02
         350        1200  -9.17053297E-02
         375        1200  -9.19189379E-02
         400        1200  -9.27429348E-02
         425        1200  -9.53369290E-02
         450        1200  -9.58862230E-02
         475        1200  -9.43298340E-02
         500        1200  -9.77172777E-02
         525        1200  -9.76562575E-02
         550        1200  -9.69848484E-02
         575        1200  -9.86633152E-02
         600        1200  -9.78698656E-02
         625        1200  -9.69543383E-02
         650        1200  -9.88464504E-02
         675        1200  -9.85107273E-02
         700        1200 -0.100769036    
         725        1200  -9.94568020E-02
         750        1200  -9.92736667E-02
         775        1200 -0.100524917    
         800        1200  -9.95483324E-02
         825        1200 -0.101196289    
         850        1200 -0.100860603    
         875        1200 -0.101135269    
         900        1200 -0.101867661    
         925        1200 -0.102081306    
         950        1200 -0.101654053    
         975        1200 -0.103057854    
        1000        1200 -0.101806641    
           0        1250  -9.80529636E-02
          25        1250  -9.77477878E-02
          50        1250  -9.81445312E-02
          75        1250  -9.81750414E-02
         100        1250  -9.82055515E-02
         125        1250  -9.82360989E-02
         150        1250  -9.87243727E-02
         175        1250  -9.82360989E-02
         200        1250  -9.82360989E-02
         225        1250  -9.82360989E-02
         250        1250  -9.74731594E-02
         275        1250  -9.57946926E-02
         300        1250  -9.53369290E-02
         325        1250  -9.51843411E-02
         350        1250  -9.58557129E-02
         375        1250  -9.52148512E-02
         400        1250  -9.55505371E-02
         425        1250  -9.58557129E-02
         450        1250  -9.62524563E-02
         475        1250  -9.68933180E-02
         500        1250  -9.76562575E-02
         525        1250  -9.64050442E-02
         550        1250  -9.65270847E-02
         575        1250  -9.94262546E-02
         600        1250  -9.80224535E-02
         625        1250  -9.69848484E-02
         650        1250 -0.100280762    
         675        1250  -9.89074707E-02
         700        1250  -9.91210788E-02
         725        1250 -0.101013191    
         750        1250  -9.98840183E-02
         775        1250 -0.100097664    
         800        1250 -0.102142327    
         825        1250 -0.101806641    
         850        1250 -0.100982681    
         875        1250 -0.101898208    
         900        1250 -0.102661148    
         925        1250 -0.103210442    
         950        1250 -0.101348877    
         975        1250 -0.101318367    
        1000        1250 -0.102661148    
           0        1300  -9.92736667E-02
          25        1300  -9.95788425E-02
          50        1300  -9.73510817E-02
          75        1300 -0.100616448    
         100        1300  -9.89684910E-02
         125        1300  -9.82971191E-02
         150        1300 -0.100555427    
         175        1300  -9.87243727E-02
         200        1300 -0.101043701    
         225        1300  -9.95788425E-02
         250        1300 -0.101867661    
         275        1300 -0.102630600    
         300        1300 -0.102386482    
         325        1300 -0.101989739    
         350        1300 -0.102966323    
         375        1300 -0.102111816    
         400        1300 -0.102844246    
         425        1300 -0.101562485    
         450        1300 -0.100585938    
         475        1300 -0.102935776    
         500        1300 -0.102142327    
         525        1300 -0.103881851    
         550        1300 -0.102294914    
         575        1300 -0.101684563    
         600        1300 -0.104461655    
         625        1300 -0.102935776    
         650        1300 -0.101928718    
         675        1300 -0.104370125    
         700        1300 -0.103668205    
         725        1300 -0.102294914    
         750        1300 -0.103820793    
         775        1300 -0.105224594    
         800        1300 -0.103668205    
         825        1300 -0.103851303    
         850        1300 -0.105133064    
         875        1300 -0.104217537    
         900        1300 -0.103973381    
         925        1300 -0.105957024    
         950        1300 -0.104217537    
         975        1300 -0.104644790    
        1000        1300 -0.105468750    
           0        1350 -0.101837151    
          25        1350 -0.101684563    
          50        1350 -0.102111816    
          75        1350 -0.100799546    
         100        1350 -0.102569580    
         125        1350 -0.102600090    
         150        1350 -0.102142327    
         175        1350 -0.102478012    
         200        1350 -0.103637695    
         225        1350 -0.102416992    
         250        1350 -0.103179932    
         275        1350 -0.103637695    
         300        1350 -0.103698716    
         325        1350 -0.104034439    
         350        1350 -0.103485107    
         375        1350 -0.104003891    
         400        1350 -0.104766831    
         425        1350 -0.103210442    
         450        1350 -0.104339615    
         475        1350 -0.104949966    
         500        1350 -0.103973381    
         525        1350 -0.104583733    
         550        1350 -0.106079102    
         575        1350 -0.103424087    
         600        1350 -0.105194084    
         625        1350 -0.105682358    
         650        1350 -0.103942871    
         675        1350 -0.104248047    
         700        1350 -0.106323257    
         725        1350 -0.105010986    
         750        1350 -0.104431145    
         775        1350 -0.106323257    
         800        1350 -0.105865493    
         825        1350 -0.104644790    
         850        1350 -0.106811531    
         875        1350 -0.105468750    
         900        1350 -0.105773926    
         925        1350 -0.105377182    
         950        1350 -0.107330315    
         975        1350 -0.105407730    
        1000        1350 -0.105621338    
           0        1400 -0.105010986    
          25        1400 -0.104095459    
          50        1400 -0.104370125    
          75        1400 -0.104125969    
         100        1400 -0.104003891    
         125        1400 -0.105102554    
         150        1400 -0.104461655    
         175        1400 -0.104278557    
         200        1400 -0.105133064    
         225        1400 -0.104034439    
         250        1400 -0.105285652    
         275        1400 -0.105438240    
         300        1400 -0.105743416    
         325        1400 -0.105010986    
         350        1400 -0.105468750    
         375        1400 -0.106323257    
         400        1400 -0.105499260    
         425        1400 -0.104919419    
         450        1400 -0.106658943    
         475        1400 -0.105712906    
         500        1400 -0.106048591    
         525        1400 -0.106140122    
         550        1400 -0.105773926    
         575        1400 -0.106231689    
         600        1400 -0.106170669    
         625        1400 -0.106079102    
         650        1400 -0.106262200    
         675        1400 -0.106475845    
         700        1400 -0.106414787    
         725        1400 -0.106475845    
         750        1400 -0.106536865    
         775        1400 -0.107208237    
         800        1400 -0.106781021    
         825        1400 -0.105773926    
         850        1400 -0.107452393    
         875        1400 -0.107055649    
         900        1400 -0.106994629    
         925        1400 -0.106903061    
         950        1400 -0.107238784    
         975        1400 -0.107177727    
        1000        1400 -0.107391372    
           0        1450 -0.105743416    
          25        1450 -0.104827888    
          50        1450 -0.105407730    
          75        1450 -0.105072007    
         100        1450 -0.105590828    
         125        1450 -0.105773926    
         150        1450 -0.105529770    
         175        1450 -0.105987534    
         200        1450 -0.106079102    
         225        1450 -0.104644790    
         250        1450 -0.106109612    
         275        1450 -0.105621338    
         300        1450 -0.107147217    
         325        1450 -0.106231689    
         350        1450 -0.105682358    
         375        1450 -0.107910156    
         400        1450 -0.106170669    
         425        1450 -0.107055649    
         450        1450 -0.107360825    
         475        1450 -0.106170669    
         500        1450 -0.106536865    
         525        1450 -0.107757568    
         550        1450 -0.107391372    
         575        1450 -0.105987534    
         600        1450 -0.106872551    
         625        1450 -0.108123764    
         650        1450 -0.107940666    
         675        1450 -0.106445298    
         700        1450 -0.106597885    
         725        1450 -0.107421882    
         750        1450 -0.108886704    
         775        1450 -0.107116707    
         800        1450 -0.106903061    
         825        1450 -0.107879646    
         850        1450 -0.108154312    
         875        1450 -0.108612075    
         900        1450 -0.107299805    
         925        1450 -0.106903061    
         950        1450 -0.107360825    
         975        1450 -0.108398430    
        1000        1450 -0.108734116    
           0        1500 -0.107696548    
          25        1500 -0.105102554    
          50        1500 -0.106414787    
          75        1500 -0.106719963    
         100        1500 -0.108795173    
         125        1500 -0.107482903    
         150        1500 -0.106903061    
         175        1500 -0.104980476    
         200        1500 -0.107116707    
         225        1500 -0.106719963    
         250        1500 -0.109588623    
         275        1500 -0.106170669    
         300        1500 -0.108673096    
         325        1500 -0.106842041    
         350        1500 -0.106567375    
         375        1500 -0.109313957    
         400        1500 -0.105926514    
         425        1500 -0.108032234    
         450        1500 -0.107574470    
         475        1500 -0.107757568    
         500        1500 -0.107818589    
         525        1500 -0.109252937    
         550        1500 -0.108215332    
         575        1500 -0.108428940    
         600        1500 -0.108673096    
         625        1500 -0.108947761    
         650        1500 -0.108489998    
         675        1500 -0.108673096    
         700        1500 -0.108581528    
         725        1500 -0.108306900    
         750        1500 -0.108734116    
         775        1500 -0.108642586    
         800        1500 -0.108673096    
         825        1500 -0.107788078    
         850        1500 -0.109313957    
         875        1500 -0.108734116    
         900        1500 -0.108764663    
         925        1500 -0.106964119    
         950        1500 -0.108764663    
         975        1500 -0.108398430    
        1000        1500 -0.108856194    
