           0           0  -9.37500000E-02
          25           0  -9.49096680E-02
          50           0  -9.86633301E-02
          75           0  -9.42382812E-02
         100           0  -9.78698730E-02
         125           0  -9.52758789E-02
         150           0  -9.58251953E-02
         175           0  -9.71069336E-02
         200           0  -9.85717773E-02
         225           0  -9.85717773E-02
         250           0  -9.62829590E-02
         275           0  -9.78393555E-02
         300           0  -9.74426270E-02
         325           0  -9.65576172E-02
         350           0  -9.46960449E-02
         375           0  -9.58557129E-02
         400           0  -9.52453613E-02
         425           0  -9.59777832E-02
         450           0  -9.57641602E-02
         475           0  -9.51538086E-02
         500           0  -9.55200195E-02
         525           0  -9.52453613E-02
         550           0  -9.65270996E-02
         575           0  -9.64965820E-02
         600           0  -9.62829590E-02
         625           0  -9.71679688E-02
         650           0  -9.71374512E-02
         675           0  -9.79003906E-02
         700           0  -9.88159180E-02
         725           0  -9.87243652E-02
         750           0  -9.76867676E-02
         775           0  -9.70764160E-02
         800           0  -9.86022949E-02
         825           0  -9.72290039E-02
         850           0  -9.72900391E-02
         875           0  -9.69848633E-02
         900           0  -9.59472656E-02
         925           0  -9.64050293E-02
         950           0  -9.64965820E-02
         975           0  -9.55200195E-02
        1000           0  -9.57641602E-02
           0          50  -8.86230469E-02
          25          50  -8.75854492E-02
          50          50  -8.96911621E-02
          75          50  -8.89587402E-02
         100          50  -8.99658203E-02
         125          50  -8.92028809E-02
         150          50  -8.88366699E-02
         175          50  -8.96911621E-02
         200          50  -8.88366699E-02
         225          50  -8.97216797E-02
         250          50  -8.80737305E-02
         275          50  -8.80126953E-02
         300          50  -8.95996094E-02
         325          50  -8.67919922E-02
         350          50  -8.78295898E-02
         375          50  -8.79821777E-02
         400          50  -8.84094238E-02
         425          50  -8.57238770E-02
         450          50  -8.50524902E-02
         475          50  -8.48388672E-02
         500          50  -8.65173340E-02
         525          50  -8.64562988E-02
         550          50  -8.51135254E-02
         575          50  -8.38317871E-02
         600          50  -8.52355957E-02
         625          50  -8.31604004E-02
         650          50  -8.35876465E-02
         675          50  -8.65173340E-02
         700          50  -8.53576660E-02
         725          50  -8.44116211E-02
         750          50  -8.38623047E-02
         775          50  -8.67919922E-02
         800          50  -8.36181641E-02
         825          50  -8.31298828E-02
         850          50  -8.38012695E-02
         875          50  -8.49304199E-02
         900          50  -8.36486816E-02
         925          50  -8.17565918E-02
         950          50  -8.40454102E-02
         975          50  -8.55407715E-02
        1000          50  -8.69445801E-02
           0         100  -7.63244629E-02
          25         100  -7.67517090E-02
          50         100  -7.85522461E-02
          75         100  -7.86437988E-02
         100         100  -7.70568848E-02
         125         100  -7.65991211E-02
         150         100  -7.58056641E-02
         175         100  -7.56530762E-02
         200         100  -7.58056641E-02
         225         100  -7.45849609E-02
         250         100  -7.53173828E-02
         275         100  -7.56530762E-02
         300         100  -7.49816895E-02
         325         100  -7.44323730E-02
         350         100  -7.56835938E-02
         375         100  -7.47070312E-02
         400         100  -7.41882324E-02
         425         100  -7.28149414E-02
         450         100  -7.10144043E-02
         475         100  -7.04040527E-02
         500         100  -6.87561035E-02
         525         100  -7.18994141E-02
         550         100  -7.36083984E-02
         575         100  -7.16247559E-02
         600         100  -7.08618164E-02
         625         100  -7.06176758E-02
         650         100  -7.32727051E-02
         675         100  -7.23876953E-02
         700         100  -7.19604492E-02
         725         100  -7.35168457E-02
         750         100  -7.20214844E-02
         775         100  -7.40051270E-02
         800         100  -7.26623535E-02
         825         100  -7.31811523E-02
         850         100  -7.38525391E-02
         875         100  -7.56530762E-02
         900         100  -7.71789551E-02
         925         100  -7.73925781E-02
         950         100  -6.74743652E-02
         975         100  -7.29064941E-02
        1000         100  -7.35778809E-02
           0         150  -7.28759766E-02
          25         150  -7.25097656E-02
          50         150  -7.25097656E-02
          75         150  -7.12585449E-02
         100         150  -7.21130371E-02
         125         150  -7.13500977E-02
         150         150  -7.22351074E-02
         175         150  -6.98242188E-02
         200         150  -7.07702637E-02
         225         150  -6.88781738E-02
         250         150  -6.91833496E-02
         275         150  -6.79321289E-02
         300         150  -6.79321289E-02
         325         150  -6.84509277E-02
         350         150  -6.72302246E-02
         375         150  -6.64672852E-02
         400         150  -6.75048828E-02
         425         150  -6.71386719E-02
         450         150  -6.75354004E-02
         475         150  -6.84204102E-02
         500         150  -6.85729980E-02
         525         150  -6.63452148E-02
         550         150  -6.72912598E-02
         575         150  -6.60095215E-02
         600         150  -6.62841797E-02
         625         150  -6.66503906E-02
         650         150  -6.71691895E-02
         675         150  -6.90002441E-02
         700         150  -6.89697266E-02
         725         150  -6.90612793E-02
         750         150  -6.94885254E-02
         775         150  -7.02819824E-02
         800         150  -7.08618164E-02
         825         150  -7.05261230E-02
         850         150  -7.08923340E-02
         875         150  -6.99157715E-02
         900         150  -7.00988770E-02
         925         150  -6.99462891E-02
         950         150  -6.99462891E-02
         975         150  -6.93969727E-02
        1000         150  -7.01904297E-02
           0         200  -6.42089844E-02
          25         200  -6.14013672E-02
          50         200  -6.11572266E-02
          75         200  -6.07604980E-02
         100         200  -6.14318848E-02
         125         200  -6.06079102E-02
         150         200  -5.97229004E-02
         175         200  -5.60913086E-02
         200         200  -5.80444336E-02
         225         200  -5.80139160E-02
         250         200  -5.59387207E-02
         275         200  -5.31005859E-02
         300         200  -4.97436523E-02
         325         200  -4.74548340E-02
         350         200  -4.22363281E-02
         375         200  -4.01000977E-02
         400         200  -3.68652344E-02
         425         200  -3.37524414E-02
         450         200  -3.40576172E-02
         475         200  -3.65600586E-02
         500         200  -3.77197266E-02
         525         200  -3.51562500E-02
         550         200  -3.54614258E-02
         575         200  -3.46984863E-02
         600         200  -3.59497070E-02
         625         200  -3.81469727E-02
         650         200  -3.77197266E-02
         675         200  -4.22973633E-02
         700         200  -4.34570312E-02
         725         200  -4.28466797E-02
         750         200  -4.24194336E-02
         775         200  -5.33142090E-02
         800         200  -5.17883301E-02
         825         200  -4.80346680E-02
         850         200  -5.22766113E-02
         875         200  -5.13305664E-02
         900         200  -5.22460938E-02
         925         200  -5.21545410E-02
         950         200  -5.62744141E-02
         975         200  -6.03637695E-02
        1000         200  -6.11267090E-02
           0         250  -5.58166504E-02
          25         250  -5.30700684E-02
          50         250  -5.28564453E-02
          75         250  -5.26733398E-02
         100         250  -4.42504883E-02
         125         250  -3.82080078E-02
         150         250  -4.32128906E-02
         175         250  -4.81567383E-02
         200         250  -4.68444824E-02
         225         250  -4.12902832E-02
         250         250  -4.22668457E-02
         275         250  -3.89404297E-02
         300         250  -3.35388184E-02
         325         250  -3.36608887E-02
         350         250  -2.98461914E-02
         375         250  -2.12402344E-02
         400         250  -2.41394043E-02
         425         250  -1.91345215E-02
         450         250  -1.03149414E-02
         475         250  -2.96020508E-03
         500         250   2.44140625E-04
         525         250  -4.57763672E-03
         550         250  -1.24511719E-02
         575         250   3.87573242E-02
         600         250  -5.15747070E-03
         625         250  -1.35192871E-02
         650         250  -1.94702148E-02
         675         250  -2.36511230E-02
         700         250  -3.10668945E-02
         725         250  -3.26538086E-02
         750         250  -3.95812988E-02
         775         250  -4.30297852E-02
         800         250  -4.64782715E-02
         825         250  -4.70886230E-02
         850         250  -5.07812500E-02
         875         250  -5.43823242E-02
         900         250  -4.41284180E-02
         925         250  -5.01098633E-02
         950         250  -5.35583496E-02
         975         250  -5.67016602E-02
        1000         250  -5.79833984E-02
           0         300  -5.53894043E-02
          25         300  -5.40466309E-02
          50         300  -5.30700684E-02
          75         300  -5.07202148E-02
         100         300  -5.04760742E-02
         125         300  -5.09643555E-02
         150         300  -4.90417480E-02
         175         300  -4.63867188E-02
         200         300  -4.73937988E-02
         225         300  -4.45861816E-02
         250         300  -4.13818359E-02
         275         300  -2.90832520E-02
         300         300  -2.61840820E-02
         325         300  -2.51464844E-02
         350         300  -1.90734863E-02
         375         300  -1.48010254E-02
         400         300  -1.94702148E-02
         425         300  -2.06298828E-02
         450         300  -1.61437988E-02
         475         300  -1.71508789E-02
         500         300  -2.23083496E-02
         525         300  -2.24609375E-02
         550         300  -1.85241699E-02
         575         300  -2.76794434E-02
         600         300  -3.17687988E-02
         625         300  -3.35083008E-02
         650         300  -3.67431641E-02
         675         300  -3.83911133E-02
         700         300  -4.26940918E-02
         725         300  -4.69360352E-02
         750         300  -4.70581055E-02
         775         300  -4.70581055E-02
         800         300  -4.86450195E-02
         825         300  -5.05371094E-02
         850         300  -5.16967773E-02
         875         300  -5.20324707E-02
         900         300  -5.19104004E-02
         925         300  -5.30090332E-02
         950         300  -5.45959473E-02
         975         300  -5.52673340E-02
        1000         300  -5.74645996E-02
           0         350  -4.63256836E-02
          25         350  -4.38842773E-02
          50         350  -4.07714844E-02
          75         350  -3.46374512E-02
         100         350  -3.02429199E-02
         125         350  -2.89611816E-02
         150         350  -2.73437500E-02
         175         350  -2.22778320E-02
         200         350  -1.85852051E-02
         225         350  -1.30920410E-02
         250         350  -8.45336914E-03
         275         350  -2.13623047E-03
         300         350  -2.34985352E-03
         325         350   2.71606445E-03
         350         350   3.93676758E-03
         375         350  -3.47900391E-03
         400         350   1.33666992E-02
         425         350   3.30200195E-02
         450         350   3.28369141E-02
         475         350   2.49938965E-02
         500         350   1.97448730E-02
         525         350   1.87683105E-02
         550         350   8.88061523E-03
         575         350   6.31713867E-03
         600         350   1.15966797E-02
         625         350  -1.25122070E-03
         650         350   5.64575195E-03
         675         350  -8.27026367E-03
         700         350  -1.69982910E-02
         725         350  -2.15148926E-02
         750         350  -2.27050781E-02
         775         350  -2.94189453E-02
         800         350  -3.63769531E-02
         825         350  -3.76281738E-02
         850         350  -4.17785645E-02
         875         350  -4.54406738E-02
         900         350  -4.98352051E-02
         925         350  -5.00793457E-02
         950         350  -5.22460938E-02
         975         350  -5.56945801E-02
        1000         350  -5.33142090E-02
           0         400  -4.98962402E-02
          25         400  -4.68444824E-02
          50         400  -4.45861816E-02
          75         400  -4.31213379E-02
         100         400  -4.05273438E-02
         125         400  -3.82080078E-02
         150         400  -3.66516113E-02
         175         400  -3.23181152E-02
         200         400  -2.85949707E-02
         225         400  -2.78625488E-02
         250         400  -2.40173340E-02
         275         400  -1.95922852E-02
         300         400  -1.71203613E-02
         325         400  -1.42211914E-02
         350         400  -1.80664062E-02
         375         400  -1.36718750E-02
         400         400  -6.37817383E-03
         425         400   3.08227539E-03
         450         400   1.11694336E-02
         475         400   1.02539062E-02
         500         400   3.93676758E-03
         525         400   1.77001953E-03
         550         400  -6.46972656E-03
         575         400  -7.04956055E-03
         600         400  -1.38854980E-02
         625         400  -1.21765137E-02
         650         400  -1.84936523E-02
         675         400  -2.24304199E-02
         700         400  -2.97241211E-02
         725         400  -3.08837891E-02
         750         400  -3.61022949E-02
         775         400  -3.98559570E-02
         800         400  -4.52270508E-02
         825         400  -4.59594727E-02
         850         400  -4.46472168E-02
         875         400  -4.87060547E-02
         900         400  -4.94995117E-02
         925         400  -4.99877930E-02
         950         400  -5.08422852E-02
         975         400  -5.22766113E-02
        1000         400  -5.23071289E-02
           0         450  -4.49218750E-02
          25         450  -4.43115234E-02
          50         450  -4.34570312E-02
          75         450  -4.08020020E-02
         100         450  -3.90625000E-02
         125         450  -3.55529785E-02
         150         450  -3.69873047E-02
         175         450  -2.93273926E-02
         200         450  -2.89306641E-02
         225         450  -2.35595703E-02
         250         450  -2.21862793E-02
         275         450  -1.91650391E-02
         300         450  -1.97753906E-02
         325         450  -1.81274414E-02
         350         450  -9.18579102E-03
         375         450  -8.23974609E-03
         400         450  -3.05175781E-03
         425         450  -2.47192383E-03
         450         450  -4.45556641E-03
         475         450  -4.76074219E-03
         500         450  -6.10351562E-03
         525         450  -8.14819336E-03
         550         450  -9.03320312E-03
         575         450  -1.40686035E-02
         600         450  -1.62353516E-02
         625         450  -3.36303711E-02
         650         450  -3.11279297E-02
         675         450  -3.33557129E-02
         700         450  -3.78723145E-02
         725         450  -3.89404297E-02
         750         450  -4.11682129E-02
         775         450  -4.26940918E-02
         800         450  -4.53491211E-02
         825         450  -4.79431152E-02
         850         450  -4.70275879E-02
         875         450  -4.82177734E-02
         900         450  -4.78515625E-02
         925         450  -5.05981445E-02
         950         450  -5.38330078E-02
         975         450  -5.31005859E-02
        1000         450  -5.44738770E-02
           0         500  -4.41284180E-02
          25         500  -4.05883789E-02
          50         500  -3.76586914E-02
          75         500  -3.82995605E-02
         100         500  -3.51867676E-02
         125         500  -3.38134766E-02
         150         500  -3.25622559E-02
         175         500  -2.56042480E-02
         200         500  -2.05993652E-02
         225         500  -2.40478516E-02
         250         500  -2.10876465E-02
         275         500  -1.51062012E-02
         300         500  -1.11083984E-02
         325         500  -1.10778809E-02
         350         500  -5.98144531E-03
         375         500  -5.73730469E-03
         400         500   5.37109375E-03
         425         500  -7.78198242E-03
         450         500  -3.72314453E-03
         475         500  -4.21142578E-03
         500         500  -5.92041016E-03
         525         500  -3.93676758E-03
         550         500  -1.42517090E-02
         575         500  -1.68762207E-02
         600         500  -2.13623047E-02
         625         500  -2.46887207E-02
         650         500  -2.86560059E-02
         675         500  -2.75573730E-02
         700         500  -3.35083008E-02
         725         500  -3.71704102E-02
         750         500  -3.91235352E-02
         775         500  -4.15039062E-02
         800         500  -4.28771973E-02
         825         500  -4.54711914E-02
         850         500  -4.72106934E-02
         875         500  -4.60510254E-02
         900         500  -4.95910645E-02
         925         500  -5.11474609E-02
         950         500  -5.39550781E-02
         975         500  -5.25817871E-02
        1000         500  -5.37109375E-02
           0         550  -4.86755371E-02
          25         550  -4.70886230E-02
          50         550  -4.41589355E-02
          75         550  -4.32739258E-02
         100         550  -4.11682129E-02
         125         550  -3.58886719E-02
         150         550  -3.43933105E-02
         175         550  -3.32946777E-02
         200         550  -3.13110352E-02
         225         550  -2.85034180E-02
         250         550  -2.73742676E-02
         275         550  -2.25219727E-02
         300         550  -1.70288086E-02
         325         550  -4.39453125E-03
         350         550  -8.08715820E-03
         375         550  -1.12915039E-02
         400         550  -6.19506836E-03
         425         550  -5.55419922E-03
         450         550  -6.98852539E-03
         475         550  -5.79833984E-03
         500         550  -1.51367188E-02
         525         550  -1.51062012E-02
         550         550  -1.92260742E-02
         575         550  -2.05993652E-02
         600         550  -2.35290527E-02
         625         550  -2.56958008E-02
         650         550  -2.88696289E-02
         675         550  -3.26843262E-02
         700         550  -3.34167480E-02
         725         550  -3.33557129E-02
         750         550  -3.87268066E-02
         775         550  -4.15344238E-02
         800         550  -4.26940918E-02
         825         550  -4.47692871E-02
         850         550  -4.40368652E-02
         875         550  -4.42199707E-02
         900         550  -4.78820801E-02
         925         550  -5.03540039E-02
         950         550  -4.87670898E-02
         975         550  -5.04455566E-02
        1000         550  -5.18188477E-02
           0         600  -4.80041504E-02
          25         600  -4.59899902E-02
          50         600  -4.54711914E-02
          75         600  -4.20837402E-02
         100         600  -4.17785645E-02
         125         600  -3.83911133E-02
         150         600  -3.58581543E-02
         175         600  -3.40576172E-02
         200         600  -3.14025879E-02
         225         600  -1.81579590E-02
         250         600  -1.96228027E-02
         275         600  -1.50451660E-02
         300         600  -1.41601562E-02
         325         600  -5.98144531E-03
         350         600   1.43432617E-03
         375         600   1.49536133E-03
         400         600   9.33837891E-03
         425         600   4.36401367E-03
         450         600   1.64794922E-03
         475         600  -2.86865234E-03
         500         600  -5.31005859E-03
         525         600  -8.88061523E-03
         550         600  -7.53784180E-03
         575         600  -1.61132812E-02
         600         600  -1.57775879E-02
         625         600  -1.99890137E-02
         650         600  -2.31323242E-02
         675         600  -2.48413086E-02
         700         600  -2.88696289E-02
         725         600  -3.21044922E-02
         750         600  -3.58276367E-02
         775         600  -3.83300781E-02
         800         600  -4.56542969E-02
         825         600  -4.47082520E-02
         850         600  -4.60815430E-02
         875         600  -4.85534668E-02
         900         600  -4.86450195E-02
         925         600  -5.23071289E-02
         950         600  -5.34057617E-02
         975         600  -5.45349121E-02
        1000         600  -5.57861328E-02
           0         650  -4.99572754E-02
          25         650  -4.73937988E-02
          50         650  -4.28161621E-02
          75         650  -4.00085449E-02
         100         650  -3.78112793E-02
         125         650  -3.54614258E-02
         150         650  -3.47290039E-02
         175         650  -2.81372070E-02
         200         650  -2.85644531E-02
         225         650  -2.40478516E-02
         250         650  -2.23388672E-02
         275         650  -2.09960938E-02
         300         650  -1.69677734E-02
         325         650  -1.10168457E-02
         350         650  -1.03454590E-02
         375         650  -6.68334961E-03
         400         650  -1.55639648E-03
         425         650   7.93457031E-04
         450         650   2.44140625E-03
         475         650   8.78906250E-03
         500         650   3.00292969E-02
         525         650   2.02026367E-02
         550         650   1.29089355E-02
         575         650   6.65283203E-03
         600         650  -3.66210938E-03
         625         650  -1.90429688E-02
         650         650  -2.05688477E-02
         675         650  -2.29492188E-02
         700         650  -2.33459473E-02
         725         650  -2.95410156E-02
         750         650  -3.18298340E-02
         775         650  -3.67736816E-02
         800         650  -4.13208008E-02
         825         650  -4.40063477E-02
         850         650  -4.80651855E-02
         875         650  -5.03234863E-02
         900         650  -5.44433594E-02
         925         650  -5.38635254E-02
         950         650  -5.49926758E-02
         975         650  -5.65490723E-02
        1000         650  -5.56030273E-02
           0         700  -4.88281250E-02
          25         700  -4.55932617E-02
          50         700  -4.35485840E-02
          75         700  -4.23889160E-02
         100         700  -4.05883789E-02
         125         700  -3.69262695E-02
         150         700  -3.46984863E-02
         175         700  -3.15246582E-02
         200         700  -2.70080566E-02
         225         700  -2.27355957E-02
         250         700  -2.01110840E-02
         275         700  -1.60827637E-02
         300         700  -6.01196289E-03
         325         700  -7.38525391E-03
         350         700  -9.15527344E-04
         375         700   2.18200684E-02
         400         700   1.62658691E-02
         425         700   3.17382812E-02
         450         700   1.34277344E-02
         475         700   7.26318359E-03
         500         700   7.90405273E-03
         525         700   1.39770508E-02
         550         700   1.50146484E-02
         575         700  -6.22558594E-03
         600         700  -1.05590820E-02
         625         700  -1.13220215E-02
         650         700  -1.82495117E-02
         675         700  -2.23388672E-02
         700         700  -2.92358398E-02
         725         700  -3.43933105E-02
         750         700  -3.99475098E-02
         775         700  -4.38232422E-02
         800         700  -4.75463867E-02
         825         700  -5.05371094E-02
         850         700  -5.74340820E-02
         875         700  -5.54809570E-02
         900         700  -5.89599609E-02
         925         700  -5.74951172E-02
         950         700  -6.06689453E-02
         975         700  -6.13098145E-02
        1000         700  -6.21948242E-02
           0         750  -4.98046875E-02
          25         750  -4.87670898E-02
          50         750  -4.37927246E-02
          75         750  -4.42199707E-02
         100         750  -4.20227051E-02
         125         750  -3.83911133E-02
         150         750  -3.26232910E-02
         175         750  -2.75573730E-02
         200         750  -2.80456543E-02
         225         750  -2.23693848E-02
         250         750  -2.21557617E-02
         275         750  -1.83410645E-02
         300         750  -1.69372559E-02
         325         750  -1.33666992E-02
         350         750   1.86157227E-02
         375         750   5.52368164E-03
         400         750   4.33959961E-02
         425         750   6.64062500E-02
         450         750   1.99890137E-02
         475         750   1.29089355E-02
         500         750   1.27868652E-02
         525         750   1.00402832E-02
         550         750   4.66918945E-03
         575         750   1.34277344E-03
         600         750  -1.21459961E-02
         625         750  -2.19116211E-02
         650         750  -2.44445801E-02
         675         750  -2.81982422E-02
         700         750  -3.27758789E-02
         725         750  -3.60107422E-02
         750         750  -4.34570312E-02
         775         750  -4.40368652E-02
         800         750  -5.85327148E-02
         825         750  -5.40466309E-02
         850         750  -5.45654297E-02
         875         750  -5.60913086E-02
         900         750  -5.69152832E-02
         925         750  -5.54199219E-02
         950         750  -5.85327148E-02
         975         750  -6.01196289E-02
        1000         750  -5.93872070E-02
           0         800  -4.87060547E-02
          25         800  -4.66918945E-02
          50         800  -4.46472168E-02
          75         800  -4.31823730E-02
         100         800  -4.10156250E-02
         125         800  -3.71093750E-02
         150         800  -3.70483398E-02
         175         800  -3.27148438E-02
         200         800  -2.64587402E-02
         225         800  -2.35900879E-02
         250         800  -2.12097168E-02
         275         800  -1.99890137E-02
         300         800  -1.44958496E-02
         325         800  -1.30615234E-02
         350         800  -1.19628906E-02
         375         800   4.79125977E-03
         400         800   1.36718750E-02
         425         800  -4.57763672E-03
         450         800  -3.29589844E-03
         475         800  -1.29394531E-02
         500         800  -1.84631348E-02
         525         800  -1.25732422E-02
         550         800  -2.63977051E-02
         575         800  -2.18811035E-02
         600         800  -2.71301270E-02
         625         800  -3.00903320E-02
         650         800  -3.45764160E-02
         675         800  -3.40881348E-02
         700         800  -3.86047363E-02
         725         800  -4.38842773E-02
         750         800  -4.64782715E-02
         775         800  -5.02319336E-02
         800         800  -5.46569824E-02
         825         800  -5.72509766E-02
         850         800  -5.93261719E-02
         875         800  -6.20117188E-02
         900         800  -6.26220703E-02
         925         800  -6.29272461E-02
         950         800  -6.29272461E-02
         975         800  -6.29882812E-02
        1000         800  -6.28356934E-02
           0         850  -5.46569824E-02
          25         850  -5.36193848E-02
          50         850  -5.12695312E-02
          75         850  -4.94689941E-02
         100         850  -4.88891602E-02
         125         850  -4.75463867E-02
         150         850  -4.53491211E-02
         175         850  -4.20532227E-02
         200         850  -3.97949219E-02
         225         850  -3.63159180E-02
         250         850  -2.77709961E-02
         275         850  -3.40576172E-02
         300         850  -2.92053223E-02
         325         850  -2.60009766E-02
         350         850  -2.54516602E-02
         375         850  -2.98461914E-02
         400         850  -3.03649902E-02
         425         850  -3.13110352E-02
         450         850  -2.95104980E-02
         475         850  -2.88391113E-02
         500         850  -3.30505371E-02
         525         850  -3.43933105E-02
         550         850  -3.32946777E-02
         575         850  -3.37829590E-02
         600         850  -3.17077637E-02
         625         850  -3.61022949E-02
         650         850  -3.39050293E-02
         675         850  -3.72314453E-02
         700         850  -4.12902832E-02
         725         850  -4.36706543E-02
         750         850  -4.60815430E-02
         775         850  -4.88281250E-02
         800         850  -5.21240234E-02
         825         850  -5.44128418E-02
         850         850  -5.69763184E-02
         875         850  -5.80444336E-02
         900         850  -5.84106445E-02
         925         850  -6.06079102E-02
         950         850  -6.06689453E-02
         975         850  -6.18286133E-02
        1000         850  -6.16760254E-02
           0         900  -5.66406250E-02
          25         900  -5.58471680E-02
          50         900  -5.43518066E-02
          75         900  -5.27343750E-02
         100         900  -5.27343750E-02
         125         900  -5.12390137E-02
         150         900  -5.01098633E-02
         175         900  -4.89501953E-02
         200         900  -4.73937988E-02
         225         900  -4.69665527E-02
         250         900  -4.59594727E-02
         275         900  -4.33654785E-02
         300         900  -4.59289551E-02
         325         900  -4.29687500E-02
         350         900  -4.12597656E-02
         375         900  -4.09240723E-02
         400         900  -3.17687988E-02
         425         900  -3.80249023E-02
         450         900  -3.58886719E-02
         475         900  -3.68957520E-02
         500         900  -3.70178223E-02
         525         900  -3.82995605E-02
         550         900  -3.94287109E-02
         575         900  -3.87573242E-02
         600         900  -4.18090820E-02
         625         900  -4.27856445E-02
         650         900  -4.47998047E-02
         675         900  -4.54101562E-02
         700         900  -4.67834473E-02
         725         900  -4.82788086E-02
         750         900  -5.08728027E-02
         775         900  -5.15747070E-02
         800         900  -5.14526367E-02
         825         900  -5.27343750E-02
         850         900  -5.42907715E-02
         875         900  -5.58471680E-02
         900         900  -5.73730469E-02
         925         900  -5.86547852E-02
         950         900  -5.99670410E-02
         975         900  -5.96618652E-02
        1000         900  -6.28051758E-02
           0         950  -6.18286133E-02
          25         950  -6.10961914E-02
          50         950  -5.94482422E-02
          75         950  -5.80139160E-02
         100         950  -5.78918457E-02
         125         950  -5.63659668E-02
         150         950  -5.56335449E-02
         175         950  -5.46569824E-02
         200         950  -5.34057617E-02
         225         950  -5.34057617E-02
         250         950  -5.18798828E-02
         275         950  -5.05981445E-02
         300         950  -5.01098633E-02
         325         950  -4.91638184E-02
         350         950  -4.77905273E-02
         375         950  -4.67834473E-02
         400         950  -4.67529297E-02
         425         950  -4.80346680E-02
         450         950  -4.79736328E-02
         475         950  -4.97131348E-02
         500         950  -4.95605469E-02
         525         950  -4.95300293E-02
         550         950  -4.87365723E-02
         575         950  -5.04455566E-02
         600         950  -5.12084961E-02
         625         950  -5.18798828E-02
         650         950  -5.21545410E-02
         675         950  -5.26428223E-02
         700         950  -5.40466309E-02
         725         950  -5.43823242E-02
         750         950  -5.41076660E-02
         775         950  -5.31921387E-02
         800         950  -5.53283691E-02
         825         950  -5.68847656E-02
         850         950  -5.88378906E-02
         875         950  -5.90209961E-02
         900         950  -5.87463379E-02
         925         950  -6.02111816E-02
         950         950  -6.20727539E-02
         975         950  -6.17370605E-02
        1000         950  -6.34155273E-02
           0        1000  -6.64978027E-02
          25        1000  -6.60095215E-02
          50        1000  -6.56433105E-02
          75        1000  -6.46667480E-02
         100        1000  -6.43920898E-02
         125        1000  -6.33239746E-02
         150        1000  -6.35986328E-02
         175        1000  -6.23779297E-02
         200        1000  -6.18896484E-02
         225        1000  -6.26831055E-02
         250        1000  -5.99060059E-02
         275        1000  -6.00891113E-02
         300        1000  -5.91430664E-02
         325        1000  -5.99060059E-02
         350        1000  -5.93566895E-02
         375        1000  -5.05981445E-02
         400        1000  -5.48095703E-02
         425        1000  -5.32531738E-02
         450        1000  -5.44128418E-02
         475        1000  -5.49316406E-02
         500        1000  -5.31921387E-02
         525        1000  -5.51757812E-02
         550        1000  -5.60607910E-02
         575        1000  -5.61523438E-02
         600        1000  -5.71289062E-02
         625        1000  -5.82580566E-02
         650        1000  -5.81359863E-02
         675        1000  -6.00585938E-02
         700        1000  -5.99365234E-02
         725        1000  -6.16149902E-02
         750        1000  -6.19201660E-02
         775        1000  -6.31713867E-02
         800        1000  -6.29272461E-02
         825        1000  -6.33544922E-02
         850        1000  -6.49108887E-02
         875        1000  -6.47888184E-02
         900        1000  -6.48498535E-02
         925        1000  -6.59484863E-02
         950        1000  -6.72302246E-02
         975        1000  -6.77795410E-02
        1000        1000  -6.78710938E-02
           0        1050  -6.68945312E-02
          25        1050  -6.63452148E-02
          50        1050  -6.53381348E-02
          75        1050  -6.47583008E-02
         100        1050  -6.39038086E-02
         125        1050  -6.22558594E-02
         150        1050  -6.08215332E-02
         175        1050  -5.68237305E-02
         200        1050  -5.57556152E-02
         225        1050  -5.35888672E-02
         250        1050  -5.19409180E-02
         275        1050  -5.04760742E-02
         300        1050  -4.93164062E-02
         325        1050  -4.77294922E-02
         350        1050  -4.60510254E-02
         375        1050  -4.51354980E-02
         400        1050  -4.62036133E-02
         425        1050  -4.66003418E-02
         450        1050  -4.76074219E-02
         475        1050  -4.92248535E-02
         500        1050  -5.02624512E-02
         525        1050  -5.25512695E-02
         550        1050  -5.32531738E-02
         575        1050  -5.48706055E-02
         600        1050  -5.67016602E-02
         625        1050  -5.78918457E-02
         650        1050  -5.91735840E-02
         675        1050  -6.13708496E-02
         700        1050  -6.26525879E-02
         725        1050  -6.28967285E-02
         750        1050  -6.42700195E-02
         775        1050  -6.53991699E-02
         800        1050  -6.57348633E-02
         825        1050  -6.67114258E-02
         850        1050  -6.75048828E-02
         875        1050  -6.81457520E-02
         900        1050  -6.95495605E-02
         925        1050  -7.02514648E-02
         950        1050  -7.04650879E-02
         975        1050  -7.02209473E-02
        1000        1050  -7.05566406E-02
           0        1100  -6.18896484E-02
          25        1100  -6.04858398E-02
          50        1100  -5.91125488E-02
          75        1100  -5.92346191E-02
         100        1100  -5.85327148E-02
         125        1100  -5.44738770E-02
         150        1100  -4.95910645E-02
         175        1100  -4.92858887E-02
         200        1100  -5.20935059E-02
         225        1100  -4.70886230E-02
         250        1100  -4.52880859E-02
         275        1100  -3.93371582E-02
         300        1100  -4.03442383E-02
         325        1100  -3.57971191E-02
         350        1100  -3.24096680E-02
         375        1100  -3.11584473E-02
         400        1100  -3.35083008E-02
         425        1100  -2.92358398E-02
         450        1100  -3.14025879E-02
         475        1100  -3.31420898E-02
         500        1100  -3.45153809E-02
         525        1100  -3.54614258E-02
         550        1100  -3.79028320E-02
         575        1100  -3.75671387E-02
         600        1100  -3.87573242E-02
         625        1100  -4.12292480E-02
         650        1100  -4.42810059E-02
         675        1100  -4.51965332E-02
         700        1100  -4.73327637E-02
         725        1100  -4.67834473E-02
         750        1100  -4.91027832E-02
         775        1100  -5.13305664E-02
         800        1100  -5.17883301E-02
         825        1100  -5.41687012E-02
         850        1100  -5.51452637E-02
         875        1100  -5.54199219E-02
         900        1100  -5.61828613E-02
         925        1100  -5.81970215E-02
         950        1100  -5.83801270E-02
         975        1100  -5.97229004E-02
        1000        1100  -6.06689453E-02
           0        1150  -4.82177734E-02
          25        1150  -4.73022461E-02
          50        1150  -4.84313965E-02
          75        1150  -4.68139648E-02
         100        1150  -4.54406738E-02
         125        1150  -4.21752930E-02
         150        1150  -4.29687500E-02
         175        1150  -3.84521484E-02
         200        1150  -3.42712402E-02
         225        1150  -2.89306641E-02
         250        1150  -2.93273926E-02
         275        1150  -2.97851562E-02
         300        1150  -2.80456543E-02
         325        1150  -1.81274414E-02
         350        1150  -2.17590332E-02
         375        1150  -2.23083496E-02
         400        1150  -2.28271484E-02
         425        1150  -2.09045410E-02
         450        1150  -2.08740234E-02
         475        1150  -2.20031738E-02
         500        1150  -2.48413086E-02
         525        1150  -2.32543945E-02
         550        1150  -2.52685547E-02
         575        1150  -2.84118652E-02
         600        1150  -3.17687988E-02
         625        1150  -3.52783203E-02
         650        1150  -3.91235352E-02
         675        1150  -3.96728516E-02
         700        1150  -3.50952148E-02
         725        1150  -4.10156250E-02
         750        1150  -4.19921875E-02
         775        1150  -4.58374023E-02
         800        1150  -4.80346680E-02
         825        1150  -4.96520996E-02
         850        1150  -5.02319336E-02
         875        1150  -5.22155762E-02
         900        1150  -5.25207520E-02
         925        1150  -5.23376465E-02
         950        1150  -5.35888672E-02
         975        1150  -5.41687012E-02
        1000        1150  -5.61523438E-02
           0        1200  -4.85839844E-02
          25        1200  -4.74243164E-02
          50        1200  -4.67834473E-02
          75        1200  -4.67834473E-02
         100        1200  -4.34875488E-02
         125        1200  -4.29687500E-02
         150        1200  -4.07104492E-02
         175        1200  -3.83300781E-02
         200        1200  -3.69567871E-02
         225        1200  -3.51257324E-02
         250        1200  -3.35388184E-02
         275        1200  -3.11889648E-02
         300        1200  -2.98461914E-02
         325        1200  -2.83508301E-02
         350        1200  -2.60314941E-02
         375        1200  -2.45666504E-02
         400        1200  -2.53601074E-02
         425        1200  -2.53295898E-02
         450        1200  -2.26440430E-02
         475        1200  -2.38037109E-02
         500        1200  -2.33459473E-02
         525        1200  -2.67028809E-02
         550        1200  -3.22570801E-02
         575        1200  -3.14025879E-02
         600        1200  -3.54309082E-02
         625        1200  -3.50646973E-02
         650        1200  -3.69567871E-02
         675        1200  -4.12902832E-02
         700        1200  -4.26940918E-02
         725        1200  -4.44946289E-02
         750        1200  -4.73327637E-02
         775        1200  -4.85839844E-02
         800        1200  -5.01098633E-02
         825        1200  -5.26428223E-02
         850        1200  -5.27954102E-02
         875        1200  -5.43518066E-02
         900        1200  -5.49011230E-02
         925        1200  -5.60302734E-02
         950        1200  -5.71899414E-02
         975        1200  -5.81054688E-02
        1000        1200  -5.67321777E-02
           0        1250  -5.54809570E-02
          25        1250  -5.51757812E-02
          50        1250  -5.44128418E-02
          75        1250  -5.32226562E-02
         100        1250  -5.14221191E-02
         125        1250  -5.13305664E-02
         150        1250  -5.11779785E-02
         175        1250  -4.92858887E-02
         200        1250  -4.73937988E-02
         225        1250  -4.34875488E-02
         250        1250  -4.46166992E-02
         275        1250  -4.47387695E-02
         300        1250  -4.38537598E-02
         325        1250  -3.64685059E-02
         350        1250  -4.02832031E-02
         375        1250  -4.03137207E-02
         400        1250  -3.76586914E-02
         425        1250  -3.93676758E-02
         450        1250  -3.93676758E-02
         475        1250  -3.93371582E-02
         500        1250  -3.91845703E-02
         525        1250  -4.10156250E-02
         550        1250  -3.95812988E-02
         575        1250  -4.35791016E-02
         600        1250  -4.25720215E-02
         625        1250  -4.50134277E-02
         650        1250  -4.41894531E-02
         675        1250  -4.30908203E-02
         700        1250  -4.57458496E-02
         725        1250  -4.68139648E-02
         750        1250  -4.65087891E-02
         775        1250  -4.86145020E-02
         800        1250  -4.93774414E-02
         825        1250  -5.13610840E-02
         850        1250  -5.08422852E-02
         875        1250  -5.29785156E-02
         900        1250  -5.27648926E-02
         925        1250  -5.50842285E-02
         950        1250  -5.49926758E-02
         975        1250  -5.65795898E-02
        1000        1250  -5.52062988E-02
           0        1300  -5.54504395E-02
          25        1300  -5.43518066E-02
          50        1300  -5.33752441E-02
          75        1300  -5.35888672E-02
         100        1300  -5.21545410E-02
         125        1300  -5.02014160E-02
         150        1300  -4.91027832E-02
         175        1300  -4.85839844E-02
         200        1300  -4.75158691E-02
         225        1300  -4.60510254E-02
         250        1300  -4.64172363E-02
         275        1300  -4.40979004E-02
         300        1300  -4.35791016E-02
         325        1300  -4.34265137E-02
         350        1300  -4.24499512E-02
         375        1300  -4.22973633E-02
         400        1300  -4.10461426E-02
         425        1300  -4.15954590E-02
         450        1300  -4.26635742E-02
         475        1300  -4.18395996E-02
         500        1300  -4.16564941E-02
         525        1300  -4.31823730E-02
         550        1300  -4.55017090E-02
         575        1300  -4.57153320E-02
         600        1300  -4.55322266E-02
         625        1300  -4.69055176E-02
         650        1300  -4.86145020E-02
         675        1300  -5.00793457E-02
         700        1300  -4.82788086E-02
         725        1300  -5.05065918E-02
         750        1300  -5.20019531E-02
         775        1300  -5.27648926E-02
         800        1300  -5.40771484E-02
         825        1300  -5.51147461E-02
         850        1300  -5.49926758E-02
         875        1300  -5.59082031E-02
         900        1300  -5.76477051E-02
         925        1300  -5.89294434E-02
         950        1300  -5.91430664E-02
         975        1300  -6.01806641E-02
        1000        1300  -6.10046387E-02
           0        1350  -5.92346191E-02
          25        1350  -5.83801270E-02
          50        1350  -5.70373535E-02
          75        1350  -5.70678711E-02
         100        1350  -5.56640625E-02
         125        1350  -5.57250977E-02
         150        1350  -5.62744141E-02
         175        1350  -5.39550781E-02
         200        1350  -5.52673340E-02
         225        1350  -5.40161133E-02
         250        1350  -5.39855957E-02
         275        1350  -5.30090332E-02
         300        1350  -5.46264648E-02
         325        1350  -5.34057617E-02
         350        1350  -4.92553711E-02
         375        1350  -4.94384766E-02
         400        1350  -4.96826172E-02
         425        1350  -5.13610840E-02
         450        1350  -5.27954102E-02
         475        1350  -5.35888672E-02
         500        1350  -5.04150391E-02
         525        1350  -5.13000488E-02
         550        1350  -5.29479980E-02
         575        1350  -5.15747070E-02
         600        1350  -5.21850586E-02
         625        1350  -5.19714355E-02
         650        1350  -5.26733398E-02
         675        1350  -5.44128418E-02
         700        1350  -5.41076660E-02
         725        1350  -5.58166504E-02
         750        1350  -5.51452637E-02
         775        1350  -5.85021973E-02
         800        1350  -5.88684082E-02
         825        1350  -5.97534180E-02
         850        1350  -6.03027344E-02
         875        1350  -6.12487793E-02
         900        1350  -6.09436035E-02
         925        1350  -6.21948242E-02
         950        1350  -6.17370605E-02
         975        1350  -6.27441406E-02
        1000        1350  -6.30187988E-02
           0        1400  -6.02722168E-02
          25        1400  -5.94177246E-02
          50        1400  -6.03332520E-02
          75        1400  -5.96618652E-02
         100        1400  -5.94482422E-02
         125        1400  -5.91735840E-02
         150        1400  -5.86853027E-02
         175        1400  -5.74645996E-02
         200        1400  -5.74645996E-02
         225        1400  -5.65185547E-02
         250        1400  -5.78613281E-02
         275        1400  -5.70983887E-02
         300        1400  -5.68237305E-02
         325        1400  -5.64575195E-02
         350        1400  -5.62744141E-02
         375        1400  -5.49316406E-02
         400        1400  -5.60302734E-02
         425        1400  -5.67932129E-02
         450        1400  -5.42602539E-02
         475        1400  -5.53588867E-02
         500        1400  -5.47180176E-02
         525        1400  -5.46569824E-02
         550        1400  -5.53283691E-02
         575        1400  -5.58166504E-02
         600        1400  -5.55725098E-02
         625        1400  -5.64270020E-02
         650        1400  -5.68847656E-02
         675        1400  -5.68542480E-02
         700        1400  -5.75561523E-02
         725        1400  -5.95397949E-02
         750        1400  -5.95397949E-02
         775        1400  -5.81970215E-02
         800        1400  -5.99060059E-02
         825        1400  -6.08825684E-02
         850        1400  -6.14013672E-02
         875        1400  -6.19506836E-02
         900        1400  -6.22558594E-02
         925        1400  -6.33239746E-02
         950        1400  -6.37817383E-02
         975        1400  -6.31713867E-02
        1000        1400  -6.39038086E-02
           0        1450  -6.15844727E-02
          25        1450  -6.08520508E-02
          50        1450  -6.12792969E-02
          75        1450  -5.99060059E-02
         100        1450  -6.02111816E-02
         125        1450  -6.00280762E-02
         150        1450  -5.97229004E-02
         175        1450  -6.02722168E-02
         200        1450  -5.98754883E-02
         225        1450  -6.03027344E-02
         250        1450  -6.03942871E-02
         275        1450  -5.99670410E-02
         300        1450  -6.05468750E-02
         325        1450  -6.01501465E-02
         350        1450  -6.03027344E-02
         375        1450  -6.02111816E-02
         400        1450  -6.06689453E-02
         425        1450  -6.02722168E-02
         450        1450  -6.01196289E-02
         475        1450  -6.04858398E-02
         500        1450  -6.09130859E-02
         525        1450  -6.05773926E-02
         550        1450  -6.09130859E-02
         575        1450  -6.13708496E-02
         600        1450  -6.36291504E-02
         625        1450  -6.11877441E-02
         650        1450  -6.19506836E-02
         675        1450  -6.27136230E-02
         700        1450  -6.32019043E-02
         725        1450  -6.44531250E-02
         750        1450  -6.43310547E-02
         775        1450  -6.50634766E-02
         800        1450  -6.60400391E-02
         825        1450  -6.66198730E-02
         850        1450  -6.69250488E-02
         875        1450  -6.78405762E-02
         900        1450  -6.84204102E-02
         925        1450  -6.89392090E-02
         950        1450  -6.94580078E-02
         975        1450  -6.93359375E-02
        1000        1450  -7.02209473E-02
           0        1500  -6.71691895E-02
          25        1500  -6.66198730E-02
          50        1500  -6.61621094E-02
          75        1500  -6.61010742E-02
         100        1500  -6.62536621E-02
         125        1500  -6.59790039E-02
         150        1500  -6.55212402E-02
         175        1500  -6.50329590E-02
         200        1500  -6.50634766E-02
         225        1500  -6.46362305E-02
         250        1500  -6.53076172E-02
         275        1500  -6.44531250E-02
         300        1500  -6.44836426E-02
         325        1500  -6.43920898E-02
         350        1500  -6.37817383E-02
         375        1500  -6.38427734E-02
         400        1500  -6.27136230E-02
         425        1500  -6.32934570E-02
         450        1500  -6.32019043E-02
         475        1500  -6.24694824E-02
         500        1500  -6.25000000E-02
         525        1500  -6.20727539E-02
         550        1500  -6.14013672E-02
         575        1500  -6.21337891E-02
         600        1500  -6.23168945E-02
         625        1500  -6.21643066E-02
         650        1500  -6.15539551E-02
         675        1500  -6.27136230E-02
         700        1500  -6.32629395E-02
         725        1500  -6.32019043E-02
         750        1500  -6.40869141E-02
         775        1500  -6.32324219E-02
         800        1500  -6.39343262E-02
         825        1500  -6.44531250E-02
         850        1500  -6.56433105E-02
         875        1500  -6.66809082E-02
         900        1500  -6.60705566E-02
         925        1500  -6.75659180E-02
         950        1500  -6.74743652E-02
         975        1500  -6.77795410E-02
        1000        1500  -6.87866211E-02
