           0           0  -7.45058060E-09
           1           0  -1.87349319E-03
           2           0  -2.02585012E-03
           3           0  -1.00748986E-03
           4           0   2.06768513E-04
           5           0  -7.09131360E-04
           6           0   8.01637769E-04
           7           0   4.90576029E-04
           8           0   9.72121954E-04
           9           0   4.79705632E-04
          10           0   1.05372071E-03
          11           0   1.21695548E-03
          12           0   1.44819915E-03
          13           0   6.65590167E-04
          14           0   1.27861649E-03
          15           0   5.53707033E-03
          16           0  -2.84288079E-03
          17           0  -1.61424279E-04
          18           0  -1.42380595E-04
          19           0   3.74698639E-03
          20           0  -1.72287226E-04
           0           1   0.00000000    
           1           1  -3.87302786E-03
           2           1  -1.70936435E-03
           3           1  -1.23418868E-03
           4           1  -2.95624137E-04
           5           1   1.55977905E-04
           6           1  -6.02141023E-04
           7           1   2.82019377E-04
           8           1   1.03376806E-04
           9           1  -2.89268792E-04
          10           1   1.20609999E-04
          11           1   8.52398574E-04
          12           1   3.10137868E-04
          13           1   1.58697367E-04
          14           1   1.04375184E-03
          15           1   1.24597549E-03
          16           1   1.24868751E-03
          17           1   8.37914646E-04
          18           1   1.32396072E-03
          19           1   1.16526335E-03
          20           1   6.63809478E-04
           0           2   7.45058060E-09
           1           2  -3.38789076E-03
           2           2  -1.05189532E-03
           3           2  -5.74022532E-04
           4           2  -2.21259892E-04
           5           2   4.39800322E-04
           6           2   4.86962497E-04
           7           2   8.19779932E-04
           8           2   7.29091465E-04
           9           2   9.91150737E-04
          10           2   6.56530261E-04
          11           2   1.47993863E-03
          12           2   1.06188655E-03
          13           2   4.57942486E-04
          14           2   8.49701464E-04
          15           2   3.88100743E-04
          16           2   4.30740416E-04
          17           2   4.83334064E-04
          18           2   5.05104661E-04
          19           2  -1.03376806E-04
          20           2   2.32145190E-04
           0           3   0.00000000    
           1           3  -3.21920961E-03
           2           3  -1.83902681E-03
           3           3  -1.25141442E-03
           4           3  -6.26593828E-04
           5           3   3.61353159E-06
           6           3   1.05187297E-04
           7           3   4.76993620E-04
           8           3   7.34522939E-04
           9           3   2.67505646E-04
          10           3   5.19610941E-04
          11           3   7.59005547E-04
          12           3   6.80238008E-05
          13           3  -1.81369483E-04
          14           3   2.23986804E-04
          15           3  -4.62457538E-05
          16           3  -1.68666244E-04
          17           3   1.09634548E-03
          18           3  -2.94264406E-03
          19           3   5.26773930E-03
          20           3  -1.96055323E-03
           0           4  -7.45058060E-09
           1           4  -3.89660895E-03
           2           4  -3.86758894E-03
           3           4  -3.61837447E-04
           4           4   9.39740241E-03
           5           4  -4.28202003E-03
           6           4  -1.63863599E-03
           7           4   2.98351049E-04
           8           4   7.09131360E-04
           9           4   1.41735375E-03
          10           4   1.72568113E-03
          11           4   1.94875896E-03
          12           4   1.89072639E-03
          13           4   1.64860487E-03
          14           4   1.21150911E-03
          15           4   1.34482980E-03
          16           4   5.38647175E-04
          17           4   1.84088945E-04
          18           4   3.80724669E-05
          19           4  -4.76077199E-04
          20           4   1.01581216E-04
           0           5  -7.45058060E-09
           1           5  -4.27204370E-03
           2           5  -2.39582360E-03
           3           5  -1.56425685E-03
           4           5  -1.08002871E-03
           5           5  -7.25440681E-04
           6           5   4.00796533E-04
           7           5   1.11266971E-03
           8           5   1.26501918E-03
           9           5   1.51710957E-03
          10           5   1.85538083E-03
          11           5   1.92517042E-03
          12           5   1.91157311E-03
          13           5   1.54613703E-03
          14           5   1.13715231E-03
          15           5   1.00657344E-03
          16           5   4.96946275E-04
          17           5   4.99643385E-04
          18           5   7.79926777E-05
          19           5  -1.16080046E-04
          20           5   1.28768384E-04
           0           6   0.00000000    
           1           6  -4.86601144E-03
           2           6  -3.31806391E-03
           3           6  -2.31057405E-03
           4           6  -1.85354799E-03
           5           6  -1.06997788E-04
           6           6  -2.37599015E-04
           7           6   5.71310520E-04
           8           6   6.34714961E-05
           9           6  -4.29809093E-04
          10           6   9.96582210E-04
          11           6   2.92903185E-03
          12           6   3.67626548E-03
          13           6   3.51302326E-03
          14           6   2.12105364E-03
          15           6   1.52164698E-03
          16           6   7.88949430E-04
          17           6   5.77628613E-04
          18           6   3.99909914E-04
          19           6   1.45092607E-04
          20           6   1.23329461E-04
           0           7   0.00000000    
           1           7  -4.95669991E-03
           2           7  -3.50213051E-03
           3           7  -2.83201039E-03
           4           7  -2.29968131E-03
           5           7  -9.55790281E-04
           6           7  -6.33858144E-04
           7           7  -2.14283168E-03
           8           7  -3.79595906E-03
           9           7  -4.31917608E-03
          10           7   0.00000000    
          11           7   4.18771803E-03
          12           7   7.59281963E-03
          13           7   7.07410276E-03
          14           7   5.36113977E-03
          15           7   2.61980295E-03
          16           7   4.86509502E-03
          17           7  -2.88367271E-04
          18           7  -1.18792802E-03
          19           7   1.42552704E-03
          20           7   1.21152401E-03
           0           8   0.00000000    
           1           8  -5.56062907E-03
           2           8  -3.58375162E-03
           3           8  -3.09136510E-03
           4           8  -2.47743726E-03
           5           8  -1.96146220E-03
           6           8  -4.77079302E-03
           7           8  -8.81613046E-03
           8           8  -1.03631467E-02
           9           8  -6.90727681E-03
          10           8   8.49701464E-04
          11           8   7.08045810E-03
          12           8   1.00330859E-02
          13           8   1.15093738E-02
          14           8   9.49805975E-03
          15           8   6.91995770E-03
          16           8   3.81226838E-03
          17           8   1.69847906E-03
          18           8   2.82935798E-04
          19           8   4.94211912E-04
          20           8  -1.26228482E-03
           0           9   0.00000000    
           1           9  -5.44909388E-03
           2           9  -3.61277163E-03
           3           9  -3.14848125E-03
           4           9  -2.07299739E-03
           5           9  -5.03286719E-03
           6           9  -1.13035291E-02
           7           9  -1.65522173E-02
           8           9  -1.52400360E-02
           9           9  -8.20583850E-03
          10           9   2.11107731E-03
          11           9   6.85829669E-03
          12           9   1.32795125E-02
          13           9   9.20240581E-03
          14           9   8.37903470E-03
          15           9   1.08873099E-02
          16           9   1.00357980E-02
          17           9   7.12579489E-03
          18           9   3.73974442E-03
          19           9   1.73565745E-03
          20           9   7.08222389E-04
           0          10   7.45058060E-09
           1          10  -4.67830151E-03
           2          10  -3.73338908E-03
           3          10  -2.42484361E-03
           4          10  -2.81205028E-03
           5          10  -7.76239485E-03
           6          10  -1.45136714E-02
           7          10  -1.84628963E-02
           8          10  -1.70990229E-02
           9          10  -8.62024724E-03
          10          10   1.83537602E-03
          11          10   8.11427087E-03
          12          10   1.12762973E-02
          13          10   1.32033229E-02
          14          10   1.40394196E-02
          15          10   1.33067071E-02
          16          10   1.23908222E-02
          17          10   4.30013984E-03
          18          10   5.18340617E-03
          19          10   2.04943120E-04
          20          10  -3.73609364E-04
           0          11   7.45058060E-09
           1          11  -4.65018302E-03
           2          11  -3.01879644E-03
           3          11  -2.09204108E-03
           4          11  -3.75515968E-03
           5          11  -1.02099106E-02
           6          11  -1.63645148E-02
           7          11  -1.83885172E-02
           8          11  -1.64008066E-02
           9          11  -8.88050348E-03
          10          11   8.40634108E-04
          11          11   7.37155229E-03
          12          11   1.11158341E-02
          13          11   1.33085027E-02
          14          11   1.46868899E-02
          15          11   1.37292817E-02
          16          11   1.12282634E-02
          17          11   6.77213818E-03
          18          11   3.04057449E-03
          19          11   1.21242553E-03
          20          11   2.53006816E-04
           0          12  -7.45058060E-09
           1          12  -4.84243780E-03
           2          12  -2.77758390E-03
           3          12  -1.98595971E-03
           4          12  -1.46631896E-03
           5          12  -7.16207922E-03
           6          12  -1.30609572E-02
           7          12  -1.56299695E-02
           8          12  -1.85635388E-02
           9          12  -1.03631541E-02
          10          12  -4.75175679E-04
          11          12   6.46836311E-03
          12          12   1.01963133E-02
          13          12   1.32613629E-02
          14          12   1.38598830E-02
          15          12   1.26873404E-02
          16          12   9.16796178E-03
          17          12   5.80728799E-03
          18          12   2.64700502E-03
          19          12   1.72387809E-03
          20          12   6.74687326E-04
           0          13   0.00000000    
           1          13  -3.68169695E-03
           2          13  -2.60893255E-03
           3          13  -8.85061920E-04
           4          13  -9.05930996E-04
           5          13  -3.65449488E-03
           6          13  -9.11446661E-03
           7          13  -1.32386908E-02
           8          13  -1.33175850E-02
           9          13  -9.58871841E-03
          10          13  -1.10541284E-03
          11          13   6.30240142E-03
          12          13   1.02289468E-02
          13          13   1.15148276E-02
          14          13   1.26946196E-02
          15          13   2.42991894E-02
          16          13  -8.42619687E-03
          17          13   7.27258623E-04
          18          13   6.18442893E-04
          19          13   5.56796789E-04
          20          13  -1.65939331E-04
           0          14   0.00000000    
           1          14  -3.59556079E-03
           2          14  -2.16729194E-03
           3          14  -1.01558864E-04
           4          14   5.69500029E-04
           5          14  -2.28531659E-04
           6          14  -3.68533283E-03
           7          14  -8.46699625E-03
           8          14  -1.07920915E-02
           9          14  -8.52321833E-03
          10          14  -2.55541503E-03
          11          14   3.29176337E-03
          12          14   7.10585713E-03
          13          14   8.48151743E-03
          14          14   8.00906122E-03
          15          14   5.35295904E-03
          16          14   3.20469588E-03
          17          14   1.53978914E-03
          18          14   9.53972340E-04
          19          14   7.14592636E-04
          20          14   4.26098704E-05
           0          15   7.45058060E-09
           1          15  -3.25004756E-03
           2          15  -1.64499134E-03
           3          15  -6.60151243E-04
           4          15   2.71134079E-04
           5          15   1.37019902E-03
           6          15   1.10633671E-04
           7          15  -3.02062184E-03
           8          15  -6.44206256E-03
           9          15  -6.46018982E-03
          10          15  -2.89275497E-03
          11          15   1.30944699E-03
          12          15   3.88935208E-03
          13          15   8.34458321E-03
          14          15   1.15347654E-03
          15          15   2.82564759E-03
          16          15   2.23169476E-03
          17          15   1.21966749E-03
          18          15  -1.99526548E-05
          19          15   2.68422067E-04
          20          15   7.88941979E-05
           0          16   0.00000000    
           1          16  -3.03876400E-03
           2          16  -1.25867873E-03
           3          16  -1.81362033E-04
           4          16   2.07662582E-04
           5          16   9.59418714E-04
           6          16   9.06832516E-04
           7          16   1.20587647E-04
           8          16  -1.68304145E-03
           9          16  -3.27273458E-03
          10          16  -2.01314688E-03
          11          16  -6.80163503E-05
          12          16   1.68397278E-03
          13          16   2.13647634E-03
          14          16   1.91974640E-03
          15          16   1.39196962E-03
          16          16   1.23781711E-03
          17          16   5.90331852E-04
          18          16  -5.98430634E-05
          19          16  -3.15569341E-04
          20          16  -2.31236219E-04
           0          17  -7.45058060E-09
           1          17  -3.06233764E-03
           2          17  -9.12271440E-04
           3          17   1.85899436E-04
           4          17  -3.08230519E-05
           5          17   9.82992351E-04
           6          17   1.23418123E-03
           7          17   1.15256757E-03
           8          17   4.57048416E-04
           9          17  -5.62220812E-05
          10          17  -2.74769962E-04
          11          17   6.07594848E-05
          12          17  -1.27866864E-04
          13          17   7.45058060E-09
          14          17   5.44264913E-05
          15          17   3.13751400E-04
          16          17  -3.21917236E-04
          17          17   3.62843275E-06
          18          17   1.32389367E-04
          19          17  -2.57529318E-04
          20          17  -2.32152641E-04
           0          18   0.00000000    
           1          18  -3.30174714E-03
           2          18  -1.09724700E-03
           3          18   2.03125179E-04
           4          18   2.08564103E-04
           5          18   6.47477806E-04
           6          18   7.76246190E-04
           7          18   8.09788704E-04
           8          18   4.88787889E-04
           9          18   4.35262918E-04
          10          18   2.78398395E-04
          11          18  -1.81354582E-04
          12          18   1.96769834E-04
          13          18  -3.69064510E-04
          14          18  -4.98756766E-04
          15          18  -5.04188240E-04
          16          18   2.81110406E-04
          17          18  -8.56041908E-04
          18          18  -6.32055104E-04
          19          18  -3.33696604E-04
          20          18  -1.74120069E-04
           0          19   0.00000000    
           1          19  -3.03422660E-03
           2          19  -1.31035596E-03
           3          19  -3.29181552E-04
           4          19  -5.43966889E-05
           5          19   3.58171761E-04
           6          19   6.47470355E-04
           7          19   5.58607280E-04
           8          19   3.58186662E-04
           9          19   2.73853540E-04
          10          19   6.25699759E-05
          11          19   4.76993620E-04
          12          19  -8.25226307E-05
          13          19  -6.52968884E-05
          14          19  -6.50189817E-04
          15          19  -2.60256231E-04
          16          19   1.49630010E-04
          17          19  -2.78390944E-04
          18          19  -4.87864017E-04
          19          19  -2.94730067E-04
          20          19  -3.34620476E-04
           0          20   0.00000000    
           1          20  -3.02696228E-03
           2          20  -1.16799027E-03
           3          20  -3.28280032E-04
           4          20   1.27032399E-05
           5          20   5.08718193E-04
           6          20   7.22743571E-04
           7          20   8.17053020E-04
           8          20   2.37576663E-04
           9          20   3.23742628E-04
          10          20   4.65206802E-04
          11          20   6.49280846E-04
          12          20   5.68591058E-04
          13          20   1.18769705E-04
          14          20  -3.72707844E-04
          15          20   5.66765666E-04
          16          20  -1.91330910E-04
          17          20  -1.72406435E-05
          18          20  -2.15813518E-04
          19          20   1.89520419E-04
          20          20  -6.89029694E-05
