           0           0   0.00000000    
           1           0  -7.54117966E-04
           2           0  -1.02657825E-03
           3           0  -1.50823593E-03
           4           0  -1.61017478E-03
           5           0  -1.26563758E-03
           6           0  -7.84017146E-04
           7           0  -1.26563013E-04
           8           0  -1.49415433E-03
           9           0  -6.71520829E-04
          10           0  -7.38203526E-05
          11           0  -1.79305673E-04
          12           0  -1.75610185E-05
          13           0   1.07751787E-03
          14           0   2.75984406E-04
          15           0  -3.95461917E-04
          16           0   1.52580440E-03
          17           0  -2.28583813E-05
          18           0   9.86173749E-04
          19           0  -3.92004848E-04
          20           0  -5.27128577E-05
           0           1  -7.45058060E-09
           1           1  -2.98834592E-03
           2           1  -3.06742638E-03
           3           1  -2.61388719E-03
           4           1  -2.37131119E-03
           5           1  -2.98307836E-03
           6           1  -1.02658570E-03
           7           1  -1.59088522E-03
           8           1  -4.51743603E-04
           9           1  -1.72272325E-04
          10           1   1.37075782E-04
          11           1   1.82792544E-04
          12           1   1.88075006E-04
          13           1   9.42185521E-04
          14           1   3.56838107E-04
          15           1  -4.00789082E-04
          16           1   4.60579991E-04
          17           1   3.97250056E-04
          18           1   1.16719306E-03
          19           1  -2.84776092E-04
          20           1  -1.01998448E-04
           0           2  -7.45058060E-09
           1           2  -2.67542154E-03
           2           2  -4.09402698E-03
           3           2  -3.28714401E-03
           4           2  -2.46621668E-03
           5           2  -2.25180387E-03
           6           2  -9.58070159E-04
           7           2  -1.95819139E-03
           8           2  -5.09843230E-05
           9           2   3.72663140E-04
          10           2   3.58596444E-04
          11           2   6.04689121E-04
          12           2   3.77953053E-04
          13           2   5.50165772E-04
          14           2   4.28929925E-04
          15           2   6.09964132E-04
          16           2  -9.33423638E-04
          17           2   1.30079687E-03
          18           2   3.63886356E-04
          19           2   9.50962305E-04
          20           2   3.70897353E-04
           0           3  -7.45058060E-09
           1           3  -2.46975571E-03
           2           3  -4.55632806E-03
           3           3  -3.04633379E-03
           4           3  -2.68425047E-03
           5           3  -2.05137581E-03
           6           3  -2.38538533E-03
           7           3  -1.98669732E-04
           8           3  -2.72452831E-04
           9           3   1.30610168E-03
          10           3   4.35933471E-04
          11           3   1.37993693E-03
          12           3   6.62699342E-04
          13           3   1.25161558E-03
          14           3   5.83581626E-04
          15           3   2.20610201E-03
          16           3  -6.66245818E-04
          17           3  -1.56448781E-03
          18           3   1.76839530E-03
          19           3   1.14783645E-03
          20           3   2.83032656E-04
           0           4   7.45058060E-09
           1           4  -3.19399685E-03
           2           4  -4.53875214E-03
           3           4  -4.01843339E-03
           4           4  -4.54753637E-03
           5           4  -1.30605698E-03
           6           4  -1.97405368E-03
           7           4  -1.54718757E-04
           8           4   9.77359712E-04
           9           4   1.59787387E-03
          10           4   1.98636949E-03
          11           4   1.78418308E-03
          12           4   1.04417652E-03
          13           4   1.07754767E-03
          14           4   1.41332299E-03
          15           4   5.00962138E-04
          16           4   1.14785135E-03
          17           4  -5.04508615E-04
          18           4   2.63728201E-04
          19           4   6.09949231E-04
          20           4   1.70536339E-04
           0           5  -7.45058060E-09
           1           5  -4.38053161E-03
           2           5  -4.57036495E-03
           3           5  -4.74088639E-03
           4           5  -4.67938930E-03
           5           5  -2.58581340E-03
           6           5  -1.52930617E-04
           7           5   6.41606748E-04
           8           5   1.79123878E-03
           9           5   2.33266503E-03
          10           5   2.45395303E-03
          11           5   2.01445073E-03
          12           5   1.54691935E-03
          13           5   1.30780786E-03
          14           5   3.95514071E-04
          15           5   1.02660060E-03
          16           5   6.52149320E-04
          17           5   8.01563263E-04
          18           5   1.08979642E-04
          19           5   6.32837415E-04
          20           5  -1.72272325E-04
           0           6   1.49011612E-08
           1           6  -4.23111022E-03
           2           6  -6.46182895E-03
           3           6  -5.39831817E-03
           4           6  -4.30321693E-03
           5           6  -1.48181617E-03
           6           6  -1.59956515E-04
           7           6   2.24123150E-03
           8           6   2.00043619E-03
           9           6   1.81054324E-03
          10           6   5.83603978E-04
          11           6   6.01202250E-04
          12           6   1.04941428E-03
          13           6   1.15492940E-03
          14           6   1.91779435E-03
          15           6   1.17777288E-03
          16           6   1.42909586E-03
          17           6   1.03363395E-03
          18           6   1.46077573E-03
          19           6   3.93763185E-04
          20           6   3.77953053E-04
           0           7   1.49011612E-08
           1           7  -3.90414894E-03
           2           7  -6.64988905E-03
           3           7  -5.48620522E-03
           4           7  -4.83760983E-03
           5           7  -1.63479149E-03
           6           7   6.02945685E-04
           7           7   1.29205734E-03
           8           7  -1.17950141E-03
           9           7  -4.93249297E-03
          10           7  -5.66373765E-03
          11           7  -2.85824388E-03
          12           7  -7.91057944E-04
          13           7   2.53129750E-03
          14           7   3.15707922E-03
          15           7   3.49286944E-03
          16           7   3.09377909E-03
          17           7   3.79341841E-03
          18           7   2.33789533E-03
          19           7   2.66666710E-03
          20           7   1.74554437E-03
           0           8   0.00000000    
           1           8  -5.54597378E-03
           2           8  -5.61450422E-03
           3           8  -5.65323979E-03
           4           8  -4.31549549E-03
           5           8  -1.87913328E-03
           6           8  -9.00015235E-04
           7           8  -4.56155837E-03
           8           8  -1.26177818E-02
           9           8  -1.90743208E-02
          10           8  -1.54936165E-02
          11           8  -8.51847231E-03
          12           8   9.31620598E-05
          13           8   3.00764292E-03
          14           8   4.78836149E-03
          15           8   5.68132102E-03
          16           8   6.58135861E-03
          17           8   5.92213869E-03
          18           8   5.41064888E-03
          19           8   4.87449765E-03
          20           8   4.51060385E-03
           0           9   1.49011612E-08
           1           9  -4.23635542E-03
           2           9  -5.15749305E-03
           3           9  -4.93250787E-03
           4           9  -3.69498134E-03
           5           9  -2.30102241E-03
           6           9  -4.35064733E-03
           7           9  -1.44072399E-02
           8           9  -2.53480524E-02
           9           9  -3.41548175E-02
          10           9  -1.87702104E-02
          11           9  -7.55520910E-03
          12           9  -2.46092677E-04
          13           9   3.26782465E-03
          14           9   6.52512908E-03
          15           9   7.79952109E-03
          16           9   8.59405845E-03
          17           9   9.33232903E-03
          18           9   7.71870464E-03
          19           9   7.76965916E-03
          20           9   8.02452117E-03
           0          10   7.45058060E-09
           1          10  -3.49806994E-03
           2          10  -4.29619104E-03
           3          10  -3.95864248E-03
           4          10  -2.86176801E-03
           5          10  -3.07270885E-03
           6          10  -7.67646730E-03
           7          10  -2.60582119E-02
           8          10  -3.27397510E-02
           9          10  -3.20630148E-02
          10          10  -2.11169422E-02
          11          10  -8.82963836E-03
          12          10  -1.07928365E-03
          13          10   3.38385254E-03
          14          10   6.28425181E-03
          15          10   7.93485343E-03
          16          10   9.37806070E-03
          17          10   1.01023167E-02
          18          10   9.66992974E-03
          19          10   9.64174420E-03
          20          10   7.73797929E-03
           0          11  -7.45058060E-09
           1          11  -3.59306484E-03
           2          11  -3.91998887E-03
           3          11  -3.56140733E-03
           4          11  -2.55232304E-03
           5          11  -2.74403393E-03
           6          11  -1.02516860E-02
           7          11  -2.93453485E-02
           8          11  -3.20419222E-02
           9          11  -3.31299752E-02
          10          11  -2.34056115E-02
          11          11  -1.08775347E-02
          12          11  -2.89516151E-03
          13          11   2.31157243E-03
          14          11   5.05205244E-03
          15          11   7.96121359E-03
          16          11   9.90725309E-03
          17          11   9.72609967E-03
          18          11   1.12817883E-02
          19          11   9.14076716E-03
          20          11   7.74680078E-03
           0          12  -7.45058060E-09
           1          12  -3.16063315E-03
           2          12  -3.32934409E-03
           3          12  -2.99187005E-03
           4          12  -1.09337270E-03
           5          12  -5.42470813E-03
           6          12  -1.17880553E-02
           7          12  -2.20978335E-02
           8          12  -2.97022015E-02
           9          12  -3.11612263E-02
          10          12  -2.48610899E-02
          11          12  -1.30554959E-02
          12          12  -4.36123461E-03
          13          12   1.16080046E-04
          14          12   4.33301926E-03
          15          12   7.94719160E-03
          16          12   1.11956522E-02
          17          12   9.37461853E-03
          18          12   9.53623652E-03
          19          12   8.65913928E-03
          20          12   8.04033875E-03
           0          13   0.00000000    
           1          13  -2.59810686E-03
           2          13  -2.95665860E-03
           3          13  -1.71918422E-03
           4          13  -2.11644173E-03
           5          13  -2.60161608E-03
           6          13  -8.65204632E-03
           7          13  -1.72162801E-02
           8          13  -2.52618790E-02
           9          13  -2.77492851E-02
          10          13  -2.30593458E-02
          11          13  -1.42243952E-02
          12          13  -6.56903535E-03
          13          13  -5.80623746E-05
          14          13   3.11841071E-03
          15          13   6.43724948E-03
          16          13   9.35696065E-03
          17          13   9.14603472E-03
          18          13   8.03154707E-03
          19          13   7.97355920E-03
          20          13   6.95575774E-03
           0          14  -7.45058060E-09
           1          14  -3.18170339E-03
           2          14  -2.30277330E-03
           3          14  -1.63478404E-03
           4          14  -1.64886564E-03
           5          14  -8.40246677E-04
           6          14  -3.93930823E-03
           7          14  -1.07122958E-02
           8          14  -1.77893341E-02
           9          14  -2.19114646E-02
          10          14  -1.91973299E-02
          11          14  -1.44881457E-02
          12          14  -7.08410889E-03
          13          14  -1.57676637E-03
          14          14   6.13480806E-04
          15          14   5.17508388E-03
          16          14   5.96432388E-03
          17          14   6.84149563E-03
          18          14   6.47941232E-03
          19          14   5.85184991E-03
          20          14   5.21026552E-03
           0          15   0.00000000    
           1          15  -2.73343921E-03
           2          15  -2.14279443E-03
           3          15  -2.17623264E-03
           4          15  -9.96716321E-04
           5          15   4.62323427E-04
           6          15  -1.03536248E-03
           7          15  -3.88835371E-03
           8          15  -9.08804685E-03
           9          15  -1.38552934E-02
          10          15  -1.45144835E-02
          11          15  -1.21044889E-02
          12          15  -8.30404460E-03
          13          15  -3.69149446E-03
          14          15  -7.01360404E-04
          15          15   1.55219436E-03
          16          15   3.96041572E-03
          17          15   3.61411273E-03
          18          15   4.45257127E-03
          19          15   3.75124067E-03
          20          15   3.81450355E-03
           0          16   0.00000000    
           1          16  -3.39087844E-03
           2          16  -1.62602216E-03
           3          16  -2.35904008E-03
           4          16  -5.51939011E-04
           5          16   1.10715628E-04
           6          16   2.14457512E-04
           7          16  -8.10362399E-04
           8          16  -2.29397416E-03
           9          16  -5.50206006E-03
          10          16  -7.81359524E-03
          11          16  -7.81886280E-03
          12          16  -6.68680668E-03
          13          16  -4.43850458E-03
          14          16  -2.41706520E-03
          15          16  -5.15028834E-04
          16          16   9.82634723E-04
          17          16   1.56624615E-03
          18          16   1.98633969E-03
          19          16   1.81059539E-03
          20          16   1.32363290E-03
           0          17   0.00000000    
           1          17  -2.00742483E-03
           2          17  -2.64202803E-03
           3          17  -1.71214342E-03
           4          17   8.38488340E-04
           5          17  -9.12338495E-04
           6          17  -9.01773572E-04
           7          17  -5.85339963E-04
           8          17  -4.57033515E-04
           9          17  -1.36761367E-03
          10          17  -2.66136229E-03
          11          17  -4.30847704E-03
          12          17  -3.11841816E-03
          13          17  -2.85120308E-03
          14          17  -1.83518231E-03
          15          17  -1.03541464E-03
          16          17  -1.11267716E-03
          17          17  -4.11339104E-04
          18          17  -3.86759639E-05
          19          17  -4.67605889E-04
          20          17   2.93575227E-04
           0          18  -7.45058060E-09
           1          18  -2.43289024E-03
           2          18  -2.48377770E-03
           3          18  -1.16544962E-03
           4          18  -1.71742588E-03
           5          18   5.67749143E-04
           6          18  -1.39395893E-03
           7          18  -4.39211726E-05
           8          18  -1.19507313E-04
           9          18  -1.34477019E-03
          10          18  -1.40802562E-03
          11          18  -1.55396760E-03
          12          18  -1.25685334E-03
          13          18  -2.54185498E-03
          14          18  -9.08806920E-04
          15          18  -1.35703385E-03
          16          18  -1.17774308E-03
          17          18  -1.06173009E-03
          18          18  -5.92365861E-04
          19          18  -7.75225461E-04
          20          18  -5.97648323E-04
           0          19  -7.45058060E-09
           1          19  -1.69981271E-03
           2          19  -3.05339694E-03
           3          19  -1.36229396E-03
           4          19  -1.09165162E-03
           5          19  -5.66050410E-04
           6          19  -8.92929733E-04
           7          19  -4.46543097E-04
           8          19  -7.40043819E-04
           9          19  -4.46483493E-04
          10          19  -1.91605836E-03
          11          19  -1.03008002E-03
          12          19  -1.17951632E-03
          13          19  -1.59613788E-03
          14          19  -1.18827820E-03
          15          19  -1.08636916E-03
          16          19  -1.08456612E-03
          17          19  -5.97640872E-04
          18          19  -7.66418874E-04
          19          19  -5.88878989E-04
          20          19  -9.29877162E-04
           0          20  -7.45058060E-09
           1          20  -1.87037140E-03
           2          20  -2.53477693E-03
           3          20  -1.84046477E-03
           4          20  -1.68574601E-03
           5          20  -1.43616647E-03
           6          20  -7.29516149E-04
           7          20  -8.70130956E-04
           8          20  -8.33228230E-04
           9          20  -1.14082545E-03
          10          20  -1.12675875E-03
          11          20  -8.34979117E-04
          12          20  -1.08107179E-03
          13          20  -1.17247552E-03
          14          20  -8.56086612E-04
          15          20  -7.64682889E-04
          16          20  -1.45547837E-03
          17          20  -7.08408654E-04
          18          20  -7.50608742E-04
          19          20  -1.35177374E-03
          20          20  -8.49053264E-04
