           0           0   8.14703181E-02
           1           0   8.24129656E-02
           2           0   8.29420686E-02
           3           0   8.38007852E-02
           4           0   8.43052641E-02
           5           0   8.42771381E-02
           6           0   8.39915201E-02
           7           0   8.33657086E-02
           8           0   8.51068348E-02
           9           0   8.44520777E-02
          10           0   8.38728324E-02
          11           0   8.40231478E-02
          12           0   8.38657916E-02
          13           0   8.25013295E-02
          14           0   8.32338706E-02
          15           0   8.40041861E-02
          16           0   8.17014724E-02
          17           0   8.32558498E-02
          18           0   8.20002779E-02
          19           0   8.34764615E-02
          20           0   8.31503496E-02
           0           1   7.91363493E-02
           1           1   8.28717723E-02
           2           1   8.37177113E-02
           3           1   8.39176476E-02
           4           1   8.42678994E-02
           5           1   8.56254324E-02
           6           1   8.39255825E-02
           7           1   8.48876014E-02
           8           1   8.38613957E-02
           9           1   8.36249888E-02
          10           1   8.32813680E-02
          11           1   8.31899494E-02
          12           1   8.31376463E-02
          13           1   8.21479857E-02
          14           1   8.26441199E-02
          15           1   8.35019425E-02
          16           1   8.25254321E-02
          17           1   8.24894458E-02
          18           1   8.14277008E-02
          19           1   8.29508603E-02
          20           1   8.27935785E-02
           0           2   7.92317167E-02
           1           2   8.25759843E-02
           2           2   8.50180984E-02
           3           2   8.50329995E-02
           4           2   8.48286301E-02
           5           2   8.51771683E-02
           6           2   8.41229483E-02
           7           2   8.56126174E-02
           8           2   8.37181583E-02
           9           2   8.32013488E-02
          10           2   8.31257626E-02
          11           2   8.27284977E-02
          12           2   8.28607455E-02
          13           2   8.25509876E-02
          14           2   8.25649947E-02
          15           2   8.22314695E-02
          16           2   8.40082094E-02
          17           2   8.14487860E-02
          18           2   8.22947249E-02
          19           2   8.14699084E-02
          20           2   8.19572508E-02
           0           3   7.96382204E-02
           1           3   8.27254057E-02
           2           3   8.59510601E-02
           3           3   8.52026492E-02
           4           3   8.55116248E-02
           5           3   8.53915960E-02
           6           3   8.63219500E-02
           7           3   8.41848999E-02
           8           3   8.43267962E-02
           9           3   8.24217200E-02
          10           3   8.31829086E-02
          11           3   8.18939209E-02
          12           3   8.24454874E-02
          13           3   8.15436691E-02
          14           3   8.20658058E-02
          15           3   7.98917636E-02
          16           3   8.29306692E-02
          17           3   8.42200294E-02
          18           3   8.04450437E-02
          19           3   8.07786435E-02
          20           3   8.15726891E-02
           0           4   7.96280876E-02
           1           4   8.36205930E-02
           2           4   8.61000344E-02
           3           4   8.65843222E-02
           4           4   8.82503092E-02
           5           4   8.53353441E-02
           6           4   8.64968523E-02
           7           4   8.47162008E-02
           8           4   8.33397806E-02
           9           4   8.23197961E-02
          10           4   8.14347044E-02
          11           4   8.11908469E-02
          12           4   8.16698074E-02
          13           4   8.13670531E-02
          14           4   8.06779489E-02
          15           4   8.14650655E-02
          16           4   8.05312097E-02
          17           4   8.23097005E-02
          18           4   8.14755335E-02
          19           4   8.09768289E-02
          20           4   8.13736096E-02
           0           5   7.97138065E-02
           1           5   8.51894617E-02
           2           5   8.65218863E-02
           3           5   8.78776312E-02
           4           5   8.89859796E-02
           5           5   8.75388533E-02
           6           5   8.51441994E-02
           7           5   8.41892585E-02
           8           5   8.25918168E-02
           9           5   8.14672261E-02
          10           5   8.07324499E-02
          11           5   8.06683376E-02
          12           5   8.07491392E-02
          13           5   8.06612968E-02
          14           5   8.14747140E-02
          15           5   8.05869773E-02
          16           5   8.07983875E-02
          17           5   8.04485828E-02
          18           5   8.11139196E-02
          19           5   8.04318562E-02
          20           5   8.12800303E-02
           0           6   7.97296017E-02
           1           6   8.50185081E-02
           2           6   8.88646841E-02
           3           6   8.91507491E-02
           4           6   8.91314521E-02
           5           6   8.66805092E-02
           6           6   8.53986368E-02
           7           6   8.24371427E-02
           8           6   8.21778253E-02
           9           6   8.19150805E-02
          10           6   8.29961225E-02
          11           6   8.28282237E-02
          12           6   8.21176618E-02
          13           6   8.17234144E-02
          14           6   8.04811046E-02
          15           6   8.09266865E-02
          16           6   8.03180858E-02
          17           6   8.04551393E-02
          18           6   7.96628073E-02
          19           6   8.06313828E-02
          20           6   8.05527046E-02
           0           7   7.94096738E-02
           1           7   8.42898786E-02
           2           7   8.86980891E-02
           3           7   8.89059603E-02
           4           7   8.94667655E-02
           5           7   8.66726488E-02
           6           7   8.42841789E-02
           7           7   8.32720548E-02
           8           7   8.60384926E-02
           9           7   9.10246074E-02
          10           7   9.31717902E-02
          11           7   9.10808593E-02
          12           7   8.92114341E-02
          13           7   8.52562562E-02
          14           7   8.38412046E-02
          15           7   8.26321989E-02
          16           7   8.22578445E-02
          17           7   8.06098506E-02
          18           7   8.14808980E-02
          19           7   8.04854631E-02
          20           7   8.09701979E-02
           0           8   7.84446374E-02
           1           8   8.53771046E-02
           2           8   8.68492648E-02
           3           8   8.83013085E-02
           4           8   8.80424380E-02
           5           8   8.60758573E-02
           6           8   8.53217468E-02
           7           8   9.01236832E-02
           8           8  0.101334348    
           9           8  0.112559468    
          10           8  0.112852164    
          11           8  0.108006641    
          12           8   9.93717164E-02
          13           8   9.57053229E-02
          14           8   9.27275121E-02
          15           8   9.04142186E-02
          16           8   8.78688395E-02
          17           8   8.70475248E-02
          18           8   8.62063542E-02
          19           8   8.55238810E-02
          20           8   8.47601220E-02
           0           9   7.84050748E-02
           1           9   8.37005377E-02
           2           9   8.59110504E-02
           3           9   8.69191885E-02
           4           9   8.66054073E-02
           5           9   8.57867002E-02
           6           9   8.89239907E-02
           7           9  0.102582395    
           8           9  0.119860217    
           9           9  0.137205690    
          10           9  0.126513630    
          11           9  0.117187433    
          12           9  0.109939843    
          13           9  0.105608970    
          14           9  0.100720383    
          15           9   9.74961072E-02
          16           9   9.45530534E-02
          17           9   9.14817005E-02
          18           9   9.11656469E-02
          19           9   8.91722813E-02
          20           9   8.69112909E-02
           0          10   7.80047327E-02
           1          10   8.23773295E-02
           2          10   8.42494965E-02
           3          10   8.49016085E-02
           4          10   8.45201761E-02
           5          10   8.54992941E-02
           6          10   9.20221657E-02
           7          10  0.116918467    
           8          10  0.131784946    
           9          10  0.139123961    
          10          10  0.133457124    
          11          10  0.123377226    
          12          10  0.115896694    
          13          10  0.110587597    
          14          10  0.106116131    
          15          10  0.102481812    
          16          10   9.86940861E-02
          17          10   9.54442546E-02
          18          10   9.34591591E-02
          19          10   9.10769105E-02
          20          10   9.10461769E-02
           0          11   7.71781132E-02
           1          11   8.16694349E-02
           2          11   8.29763561E-02
           3          11   8.35081264E-02
           4          11   8.31371248E-02
           5          11   8.40148404E-02
           6          11   9.40854177E-02
           7          11  0.120515421    
           8          11  0.131222472    
           9          11  0.140593022    
          10          11  0.136720061    
          11          11  0.126911372    
          12          11  0.119652793    
          13          11  0.113868162    
          14          11  0.109864667    
          15          11  0.104965203    
          16          11  0.100542352    
          17          11   9.82919782E-02
          18          11   9.39158425E-02
          19          11   9.37716737E-02
          20          11   9.32289362E-02
           0          12   7.67408535E-02
           1          12   8.06916356E-02
           2          12   8.16926807E-02
           3          12   8.21031705E-02
           4          12   8.04780126E-02
           5          12   8.61655250E-02
           6          12   9.54758823E-02
           7          12  0.111310117    
           8          12  0.126340032    
           9          12  0.135589361    
          10          12  0.135504499    
          11          12  0.126962781    
          12          12  0.119358830    
          13          12  0.114852495    
          14          12  0.109552301    
          15          12  0.103951328    
          16          12   9.79039520E-02
          17          12   9.73813310E-02
          18          12   9.48356539E-02
          19          12   9.35479701E-02
          20          12   9.21566859E-02
           0          13   7.64617920E-02
           1          13   7.97094256E-02
           2          13   8.08071420E-02
           3          13   7.99994618E-02
           4          13   8.09258297E-02
           5          13   8.20614100E-02
           6          13   9.02748555E-02
           7          13  0.103143163    
           8          13  0.117504232    
           9          13  0.126928955    
          10          13  0.128003851    
          11          13  0.122725002    
          12          13  0.116711900    
          13          13  0.110215440    
          14          13  0.106259368    
          15          13  0.101331219    
          16          13   9.60722640E-02
          17          13   9.39966813E-02
          18          13   9.31032822E-02
          19          13   9.11678821E-02
          20          13   9.04467404E-02
           0          14   7.61207789E-02
           1          14   8.00978988E-02
           2          14   7.97946602E-02
           3          14   7.95353651E-02
           4          14   7.99616650E-02
           5          14   7.93631077E-02
           6          14   8.34469944E-02
           7          14   9.28980559E-02
           8          14  0.104422428    
           9          14  0.114022426    
          10          14  0.116107620    
          11          14  0.115020469    
          12          14  0.109387457    
          13          14  0.104274310    
          14          14  0.101930693    
          15          14   9.60753188E-02
          16          14   9.37949941E-02
          17          14   9.12074447E-02
          18          14   8.99496749E-02
          19          14   8.91142786E-02
          20          14   8.84533003E-02
           0          15   7.61774629E-02
           1          15   7.95942619E-02
           2          15   7.95393139E-02
           3          15   8.01168084E-02
           4          15   7.91864693E-02
           5          15   7.76118487E-02
           6          15   7.93683752E-02
           7          15   8.31934512E-02
           8          15   9.06651542E-02
           9          15   9.88962203E-02
          10          15  0.103184029    
          11          15  0.103800155    
          12          15  0.102075718    
          13          15   9.83860418E-02
          14          15   9.55712497E-02
          15          15   9.29296464E-02
          16          15   8.95313248E-02
          17          15   8.89740959E-02
          18          15   8.70224908E-02
          19          15   8.67860094E-02
          20          15   8.57691169E-02
           0          16   7.61814117E-02
           1          16   8.04200098E-02
           2          16   7.90616572E-02
           3          16   8.03844333E-02
           4          16   7.87153170E-02
           5          16   7.80249834E-02
           6          16   7.78676271E-02
           7          16   7.90950358E-02
           8          16   8.11521411E-02
           9          16   8.57357383E-02
          10          16   9.00006741E-02
          11          16   9.19606611E-02
          12          16   9.25003067E-02
          13          16   9.13616344E-02
          14          16   8.99444595E-02
          15          16   8.81711841E-02
          16          16   8.64278600E-02
          17          16   8.54526907E-02
          18          16   8.45360085E-02
          19          16   8.42591077E-02
          20          16   8.44151601E-02
           0          17   7.66336247E-02
           1          17   7.91429058E-02
           2          17   8.04380178E-02
           3          17   7.99361691E-02
           4          17   7.71759152E-02
           5          17   7.91548267E-02
           6          17   7.93697014E-02
           7          17   7.91996047E-02
           8          17   7.91855603E-02
           9          17   8.04380402E-02
          10          17   8.23971331E-02
          11          17   8.51213634E-02
          12          17   8.47109109E-02
          13          17   8.51564929E-02
          14          17   8.45992640E-02
          15          17   8.40583518E-02
          16          17   8.44137818E-02
          17          17   8.38152766E-02
          18          17   8.34522843E-02
          19          17   8.39981139E-02
          20          17   8.31635371E-02
           0          18   7.65668303E-02
           1          18   7.96079338E-02
           2          18   8.02797675E-02
           3          18   7.92528018E-02
           4          18   8.02341327E-02
           5          18   7.78070167E-02
           6          18   8.01172182E-02
           7          18   7.87781626E-02
           8          18   7.88836256E-02
           9          18   8.04450810E-02
          10          18   8.08603391E-02
          11          18   8.13947693E-02
          12          18   8.14118683E-02
          13          18   8.33323300E-02
          14          18   8.19264799E-02
          15          18   8.27139691E-02
          16          18   8.28291178E-02
          17          18   8.29785392E-02
          18          18   8.26572701E-02
          19          18   8.30339342E-02
          20          18   8.30057710E-02
           0          19   7.63347968E-02
           1          19   7.84595534E-02
           2          19   8.05764869E-02
           3          19   7.92259574E-02
           4          19   7.92282298E-02
           5          19   7.88441375E-02
           6          19   7.93942511E-02
           7          19   7.90594965E-02
           8          19   7.95380101E-02
           9          19   7.93560669E-02
          10          19   8.13046545E-02
          11          19   8.06761980E-02
          12          19   8.11205134E-02
          13          19   8.19361657E-02
          14          19   8.18253756E-02
          15          19   8.19950625E-02
          16          19   8.22644010E-02
          17          19   8.19268897E-02
          18          19   8.22872743E-02
          19          19   8.22569504E-02
          20          19   8.28304216E-02
           0          20   7.59414807E-02
           1          20   7.82794356E-02
           2          20   7.95775354E-02
           3          20   7.93433413E-02
           4          20   7.96100572E-02
           5          20   7.97195211E-02
           6          20   7.91952461E-02
           7          20   7.95533955E-02
           8          20   7.97247961E-02
           9          20   8.03176016E-02
          10          20   8.05852264E-02
          11          20   8.05021897E-02
          12          20   8.10185522E-02
          13          20   8.14030766E-02
          14          20   8.13007057E-02
          15          20   8.14004689E-02
          16          20   8.24551359E-02
          17          20   8.18851665E-02
          18          20   8.21150169E-02
          19          20   8.30541253E-02
          20          20   8.27636644E-02
