           0           0   7.92632401E-02
           1           0   8.10694993E-02
           2           0   8.18414092E-02
           3           0   8.14542919E-02
           4           0   8.13078135E-02
           5           0   8.18070173E-02
           6           0   8.08679760E-02
           7           0   8.12273324E-02
           8           0   8.04507732E-02
           9           0   7.95796514E-02
          10           0   7.97460377E-02
          11           0   7.93156028E-02
          12           0   7.89987892E-02
          13           0   7.90069997E-02
          14           0   7.88624585E-02
          15           0   7.83671439E-02
          16           0   7.81202614E-02
          17           0   7.83858597E-02
          18           0   7.84034878E-02
          19           0   7.85796344E-02
          20           0   7.87214339E-02
           0           1   7.76358843E-02
           1           1   8.35140944E-02
           2           1   8.26648474E-02
           3           1   8.24469030E-02
           4           1   8.18925798E-02
           5           1   8.21558535E-02
           6           1   8.17484409E-02
           7           1   8.11906159E-02
           8           1   8.06082189E-02
           9           1   7.97800124E-02
          10           1   7.97410011E-02
          11           1   7.92038739E-02
          12           1   7.91066289E-02
          13           1   7.88323730E-02
          14           1   7.86581337E-02
          15           1   7.81464279E-02
          16           1   7.73940980E-02
          17           1   7.86604881E-02
          18           1   7.82245696E-02
          19           1   7.85050243E-02
          20           1   7.79362619E-02
           0           2   7.79089332E-02
           1           2   8.29871595E-02
           2           2   8.32644701E-02
           3           2   8.29734504E-02
           4           2   8.30543339E-02
           5           2   8.26335847E-02
           6           2   8.22570622E-02
           7           2   8.14331919E-02
           8           2   8.08910131E-02
           9           2   7.98480213E-02
          10           2   7.97593296E-02
          11           2   7.94401914E-02
          12           2   7.92152137E-02
          13           2   7.83768892E-02
          14           2   7.82854855E-02
          15           2   7.78874457E-02
          16           2   7.78577626E-02
          17           2   7.82647729E-02
          18           2   7.78858662E-02
          19           2   7.79315829E-02
          20           2   7.80608803E-02
           0           3   7.80561864E-02
           1           3   8.35765898E-02
           2           3   8.35957229E-02
           3           3   8.39824826E-02
           4           3   8.36386979E-02
           5           3   8.37430060E-02
           6           3   8.30976963E-02
           7           3   8.17429721E-02
           8           3   8.09421539E-02
           9           3   8.01890492E-02
          10           3   7.95858949E-02
          11           3   7.92859048E-02
          12           3   7.85585344E-02
          13           3   7.80710578E-02
          14           3   7.76636004E-02
          15           3   7.75546134E-02
          16           3   7.76124597E-02
          17           3   7.74256885E-02
          18           3   7.74601102E-02
          19           3   7.74792135E-02
          20           3   7.73675293E-02
           0           4   7.79390037E-02
           1           4   8.23203027E-02
           2           4   8.56703520E-02
           3           4   8.52324665E-02
           4           4   8.48563015E-02
           5           4   8.42773765E-02
           6           4   8.30363631E-02
           7           4   8.20964873E-02
           8           4   8.15855712E-02
           9           4   8.07417631E-02
          10           4   7.98839331E-02
          11           4   7.88284838E-02
          12           4   7.88022876E-02
          13           4   7.84776807E-02
          14           4   7.80523121E-02
          15           4   7.53471404E-02
          16           4   7.38760829E-02
          17           4   8.01523030E-02
          18           4   7.74659365E-02
          19           4   7.83730000E-02
          20           4   7.84800351E-02
           0           5   7.79436976E-02
           1           5   8.42312723E-02
           2           5   8.51797611E-02
           3           5   8.52270126E-02
           4           5   8.55695903E-02
           5           5   8.44731033E-02
           6           5   8.35797191E-02
           7           5   8.22035074E-02
           8           5   8.19230527E-02
           9           5   8.18558782E-02
          10           5   8.06234479E-02
          11           5   8.03300142E-02
          12           5   7.95652270E-02
          13           5   7.87382126E-02
          14           5   7.83042461E-02
          15           5   7.86683261E-02
          16           5   7.82011151E-02
          17           5   7.79483765E-02
          18           5   7.78663754E-02
          19           5   7.80362636E-02
          20           5   7.83444643E-02
           0           6   7.85644054E-02
           1           6   8.51441920E-02
           2           6   8.63563120E-02
           3           6   8.70805681E-02
           4           6   8.75610262E-02
           5           6   8.64000618E-02
           6           6   8.45797360E-02
           7           6   8.43590498E-02
           8           6   8.43093991E-02
           9           6   8.59067142E-02
          10           6   8.58523846E-02
          11           6   8.42867494E-02
          12           6   8.19425881E-02
          13           6   8.03195238E-02
          14           6   7.92264938E-02
          15           6   7.87058473E-02
          16           6   7.77506977E-02
          17           6   7.81245530E-02
          18           6   7.81144053E-02
          19           6   7.78839141E-02
          20           6   7.81753510E-02
           0           7   7.79362619E-02
           1           7   8.47254395E-02
           2           7   8.59477222E-02
           3           7   8.70074928E-02
           4           7   8.67626071E-02
           5           7   8.65223110E-02
           6           7   8.57375860E-02
           7           7   8.81122053E-02
           8           7   9.32950675E-02
           9           7   9.69717503E-02
          10           7   9.52802598E-02
          11           7   9.15087759E-02
          12           7   8.71563256E-02
          13           7   8.41934085E-02
          14           7   8.14187527E-02
          15           7   7.96983838E-02
          16           7   7.78152049E-02
          17           7   7.73135722E-02
          18           7   7.73128420E-02
          19           7   7.73804188E-02
          20           7   7.77698308E-02
           0           8   7.70565867E-02
           1           8   8.46363604E-02
           2           8   8.55156928E-02
           3           8   8.60879421E-02
           4           8   8.68305564E-02
           5           8   8.75371993E-02
           6           8   9.22806263E-02
           7           8  0.103087813    
           8           8  0.113139957    
           9           8  0.115374327    
          10           8  0.109453917    
          11           8  0.102490574    
          12           8   9.65939462E-02
          13           8   9.26083922E-02
          14           8   8.94661248E-02
          15           8   8.52438211E-02
          16           8   8.22531581E-02
          17           8   8.01487863E-02
          18           8   7.84362853E-02
          19           8   7.87636340E-02
          20           8   7.76257217E-02
           0           9   7.70405531E-02
           1           9   8.28218758E-02
           2           9   8.48359913E-02
           3           9   8.57563019E-02
           4           9   8.72332901E-02
           5           9   9.26134586E-02
           6           9  0.104084700    
           7           9  0.118627906    
           8           9  0.130282789    
           9           9  0.127793700    
          10           9  0.118179053    
          11           9  0.109607100    
          12           9  0.104655474    
          13           9   9.95827019E-02
          14           9   9.47630405E-02
          15           9   8.94806087E-02
          16           9   8.35254192E-02
          17           9   8.17257762E-02
          18           9   7.97777176E-02
          19           9   7.96050429E-02
          20           9   7.91729987E-02
           0          10   7.67050087E-02
           1          10   8.25082362E-02
           2          10   8.44902694E-02
           3          10   8.49582553E-02
           4          10   8.82380009E-02
           5          10   9.60709155E-02
           6          10  0.110942274    
           7          10  0.125802994    
           8          10  0.134432495    
           9          10  0.131814033    
          10          10  0.123749048    
          11          10  0.114855617    
          12          10  0.108153522    
          13          10  0.103247195    
          14          10   9.80091691E-02
          15          10   9.18127298E-02
          16          10   8.69520307E-02
          17          10   8.35859478E-02
          18          10   8.17745924E-02
          19          10   8.02019835E-02
          20          10   7.97854960E-02
           0          11   7.63354599E-02
           1          11   8.15261602E-02
           2          11   8.30050707E-02
           3          11   8.38762224E-02
           4          11   8.72653127E-02
           5          11   9.74112004E-02
           6          11  0.112048894    
           7          11  0.124763578    
           8          11  0.133274198    
           9          11  0.134232461    
          10          11  0.124395937    
          11          11  0.116287649    
          12          11  0.109787971    
          13          11  0.103928030    
          14          11   9.80538130E-02
          15          11   9.13645923E-02
          16          11   8.62731040E-02
          17          11   8.31594169E-02
          18          11   8.13269317E-02
          19          11   7.88921714E-02
          20          11   7.90882707E-02
           0          12   7.57428706E-02
           1          12   8.06710720E-02
           2          12   8.13249946E-02
           3          12   8.16203058E-02
           4          12   8.50363821E-02
           5          12   9.36232507E-02
           6          12  0.107557803    
           7          12  0.122246325    
           8          12  0.127500713    
           9          12  0.128408521    
          10          12  0.121885002    
          11          12  0.114038438    
          12          12  0.106868267    
          13          12  0.100364774    
          14          12   9.38310623E-02
          15          12   8.65856111E-02
          16          12   8.01554322E-02
          17          12   7.94359148E-02
          18          12   7.81839192E-02
          19          12   7.81366527E-02
          20          12   7.64018595E-02
           0          13   7.59463906E-02
           1          13   8.06776881E-02
           2          13   8.09714794E-02
           3          13   8.04523379E-02
           4          13   8.10101628E-02
           5          13   8.43957365E-02
           6          13   9.39540863E-02
           7          13  0.106946856    
           8          13  0.116540372    
           9          13  0.120099425    
          10          13  0.115711868    
          11          13  0.108032405    
          12          13  0.100287795    
          13          13   9.20228362E-02
          14          13   8.66379440E-02
          15          13   8.13828111E-02
          16          13   7.85663724E-02
          17          13   7.69292116E-02
          18          13   7.66710341E-02
          19          13   7.65081048E-02
          20          13   7.62225688E-02
           0          14   7.46705979E-02
           1          14   7.96284527E-02
           2          14   7.90523291E-02
           3          14   7.87331462E-02
           4          14   7.74940848E-02
           5          14   7.75288045E-02
           6          14   8.28168392E-02
           7          14   9.27626491E-02
           8          14  0.103935540    
           9          14  0.109232455    
          10          14  0.107755870    
          11          14  0.100725293    
          12          14   9.37881172E-02
          13          14   8.79774094E-02
          14          14   8.28773677E-02
          15          14   7.90749490E-02
          16          14   7.68436790E-02
          17          14   7.58956075E-02
          18          14   7.61698484E-02
          19          14   7.55538046E-02
          20          14   7.55596459E-02
           0          15   7.44498968E-02
           1          15   7.87499547E-02
           2          15   7.85749555E-02
           3          15   7.80405700E-02
           4          15   7.72710294E-02
           5          15   7.59870112E-02
           6          15   7.65635967E-02
           7          15   8.15796852E-02
           8          15   9.05673206E-02
           9          15   9.59576368E-02
          10          15   9.66889262E-02
          11          15   9.29689109E-02
          12          15   8.80630016E-02
          13          15   8.42058957E-02
          14          15   8.10402334E-02
          15          15   7.87644088E-02
          16          15   7.69378245E-02
          17          15   7.57819414E-02
          18          15   7.61014819E-02
          19          15   7.66194463E-02
          20          15   7.64155090E-02
           0          16   7.45112151E-02
           1          16   7.84175545E-02
           2          16   7.87878335E-02
           3          16   7.82644153E-02
           4          16   7.72913098E-02
           5          16   7.62608647E-02
           6          16   7.54639506E-02
           7          16   7.66624212E-02
           8          16   7.89663792E-02
           9          16   8.32773745E-02
          10          16   8.44426155E-02
          11          16   8.43965113E-02
          12          16   8.20347518E-02
          13          16   8.08687657E-02
          14          16   7.84886181E-02
          15          16   7.82053918E-02
          16          16   7.74620473E-02
          17          16   7.66007006E-02
          18          16   7.69780725E-02
          19          16   7.73792267E-02
          20          16   7.75108635E-02
           0          17   7.44424760E-02
           1          17   7.82800317E-02
           2          17   7.84737915E-02
           3          17   7.77995586E-02
           4          17   7.67913461E-02
           5          17   7.61088878E-02
           6          17   7.56690353E-02
           7          17   7.61878192E-02
           8          17   7.57116377E-02
           9          17   7.74979591E-02
          10          17   7.79061913E-02
          11          17   7.81917274E-02
          12          17   7.81823844E-02
          13          17   7.85261095E-02
          14          17   7.76581168E-02
          15          17   7.74870515E-02
          16          17   7.70147741E-02
          17          17   7.68307894E-02
          18          17   7.71444738E-02
          19          17   7.74476230E-02
          20          17   7.75733292E-02
           0          18   7.43370056E-02
           1          18   7.84120560E-02
           2          18   7.84355104E-02
           3          18   7.80741721E-02
           4          18   7.70550221E-02
           5          18   7.62639642E-02
           6          18   7.60475695E-02
           7          18   7.65370131E-02
           8          18   7.59276748E-02
           9          18   7.64147341E-02
          10          18   7.63241649E-02
          11          18   7.67768621E-02
          12          18   7.69421160E-02
          13          18   7.73628205E-02
          14          18   7.75741637E-02
          15          18   7.74393678E-02
          16          18   7.73085058E-02
          17          18   7.73050487E-02
          18          18   7.72229731E-02
          19          18   7.82526881E-02
          20          18   7.74639845E-02
           0          19   7.41819143E-02
           1          19   7.85835385E-02
           2          19   7.80620575E-02
           3          19   7.77382255E-02
           4          19   7.67862797E-02
           5          19   7.73081183E-02
           6          19   7.63671100E-02
           7          19   7.64315575E-02
           8          19   7.58053660E-02
           9          19   7.61518776E-02
          10          19   7.58393556E-02
          11          19   7.64835179E-02
          12          19   7.64737427E-02
          13          19   7.62784481E-02
          14          19   7.68624246E-02
          15          19   7.67171085E-02
          16          19   7.64292181E-02
          17          19   7.66964257E-02
          18          19   7.70608485E-02
          19          19   7.73647726E-02
          20          19   7.69874454E-02
           0          20   7.39268363E-02
           1          20   7.80518949E-02
           2          20   7.75784403E-02
           3          20   7.77726024E-02
           4          20   7.69014955E-02
           5          20   7.67370313E-02
           6          20   7.64909387E-02
           7          20   7.57584870E-02
           8          20   7.54553825E-02
           9          20   7.63057768E-02
          10          20   7.64296055E-02
          11          20   7.65636116E-02
          12          20   7.62999058E-02
          13          20   7.63901621E-02
          14          20   7.63448179E-02
          15          20   6.66774958E-02
          16          20   8.51375759E-02
          17          20   6.82212710E-02
          18          20   7.80733824E-02
          19          20   7.73116648E-02
          20          20   7.79327750E-02
