           0           0   0.00000000    
           1           0  -2.72147357E-04
           2           0  -2.78294086E-04
           3           0   2.02730298E-04
           4           0   8.33570957E-05
           5           0   2.01754272E-04
           6           0  -1.36874616E-04
           7           0   4.52809036E-04
           8           0  -3.20464373E-04
           9           0   4.31075692E-04
          10           0   2.89008021E-04
          11           0   2.10195780E-04
          12           0   2.76036561E-04
          13           0   4.54112887E-05
          14           0  -1.70610845E-04
          15           0   2.20566988E-04
          16           0   1.14172697E-04
          17           0   2.30297446E-04
          18           0   3.35387886E-04
          19           0   1.71594322E-04
          20           0   1.39474869E-05
           0           1   7.45058060E-09
           1           1  -3.12678516E-04
           2           1   4.86522913E-06
           3           1   7.75232911E-05
           4           1   3.48366797E-04
           5           1  -3.69124115E-04
           6           1   5.90309501E-05
           7           1   6.61760569E-05
           8           1   1.47260725E-04
           9           1   1.75163150E-05
          10           1   1.36874616E-04
          11           1   5.74067235E-05
          12           1   1.29863620E-05
          13           1   4.94658947E-04
          14           1   6.08831644E-04
          15           1   3.87609005E-04
          16           1   2.87711620E-04
          17           1   1.98513269E-04
          18           1   3.47122550E-05
          19           1   1.35585666E-04
          20           1   1.10603869E-04
           0           2   0.00000000    
           1           2  -5.19633293E-04
           2           2  -2.47813761E-04
           3           2  -9.27671790E-05
           4           2   1.44340098E-04
           5           2   2.75745988E-05
           6           2  -9.30875540E-05
           7           2   1.45643950E-04
           8           2  -1.94609165E-05
           9           2  -7.13616610E-05
          10           2   1.94624066E-04
          11           2   3.75613570E-04
          12           2   2.12132931E-04
          13           2   3.16575170E-04
          14           2   3.24361026E-04
          15           2   2.42300332E-04
          16           2   1.08346343E-04
          17           2   4.59618866E-04
          18           2   3.42532992E-04
          19           2   1.44340098E-04
          20           2   3.24100256E-06
           0           3   0.00000000    
           1           3  -7.10025430E-04
           2           3  -8.62851739E-05
           3           3  -1.48236752E-04
           4           3  -1.07355416E-04
           5           3   1.89095736E-04
           6           3   1.29640102E-06
           7           3   2.75388360E-04
           8           3   2.58192420E-04
           9           3   3.39284539E-04
          10           3   3.67827713E-04
          11           3   3.84695828E-04
          12           3   3.70748341E-04
          13           3   2.47158110E-04
          14           3   2.97769904E-04
          15           3   2.69874930E-04
          16           3   1.67697668E-04
          17           3   1.36233866E-04
          18           3   9.63285565E-05
          19           3  -1.42678618E-05
          20           3   1.39474869E-05
           0           4   0.00000000    
           1           4  -6.60076737E-04
           2           4  -1.84565783E-04
           3           4  -3.07820737E-04
           4           4  -1.94616616E-04
           5           4  -1.88201666E-05
           6           4   1.03473663E-04
           7           4   1.63801014E-04
           8           4   3.17558646E-04
           9           4   5.20274043E-04
          10           4   5.34556806E-04
          11           4   3.80799174E-04
          12           4   4.69028950E-04
          13           4  -3.56808305E-05
          14           4   6.94140792E-04
          15           4   1.55374408E-04
          16           4  -1.09963119E-04
          17           4   1.18717551E-04
          18           4  -6.13033772E-05
          19           4  -6.64964318E-05
          20           4  -1.34281814E-04
           0           5   0.00000000    
           1           5  -7.50258565E-04
           2           5  -3.73661518E-04
           3           5   3.21768224E-04
           4           5   1.08338892E-04
           5           5   1.32344663E-04
           6           5   6.26072288E-05
           7           5   2.19590962E-04
           8           5   4.90441918E-04
           9           5   3.89233232E-04
          10           5   5.10871410E-04
          11           5   9.87365842E-04
          12           5   3.10741365E-04
          13           5   3.31178308E-04
          14           5   1.27471983E-04
          15           5   1.35913491E-04
          16           5   7.13616610E-05
          17           5  -2.15381384E-04
          18           5   2.14733183E-04
          19           5   1.99481845E-04
          20           5   3.25337052E-04
           0           6   0.00000000    
           1           6  -1.00163370E-03
           2           6  -4.32372093E-04
           3           6  -5.92283905E-04
           4           6  -4.88169491E-04
           5           6  -4.41148877E-05
           6           6   3.56882811E-05
           7           6   6.51925802E-05
           8           6  -3.09757888E-04
           9           6  -5.38453460E-05
          10           6   5.30987978E-04
          11           6   1.31334364E-03
          12           6   1.16868317E-03
          13           6   8.68968666E-04
          14           6   4.95947897E-04
          15           6   1.21310353E-04
          16           6   1.03466213E-04
          17           6  -1.18717551E-04
          18           6  -2.63385475E-04
          19           6   6.39036298E-05
          20           6  -1.19954348E-05
           0           7   0.00000000    
           1           7  -1.07785314E-03
           2           7  -4.57353890E-04
           3           7  -5.03741205E-04
           4           7  -5.33580780E-04
           5           7  -3.65555286E-04
           6           7  -7.45706260E-04
           7           7  -1.69349462E-03
           8           7  -1.82033330E-03
           9           7  -8.59573483E-04
          10           7   1.45769119E-03
          11           7   3.11616063E-03
          12           7   2.89072841E-03
          13           7   1.32729113E-03
          14           7   7.24308193E-04
          15           7   7.14570284E-04
          16           7   5.44935465E-04
          17           7   4.49247658E-04
          18           7   1.88454986E-04
          19           7   9.43914056E-05
          20           7   3.63290310E-05
           0           8   0.00000000    
           1           8  -7.38248229E-04
           2           8  -1.14824623E-03
           3           8  -7.28517771E-04
           4           8  -7.28197396E-04
           5           8   1.02589577E-02
           6           8  -1.38548538E-02
           7           8  -2.37303972E-03
           8           8  -3.78531218E-03
           9           8  -5.09902835E-04
          10           8   2.00651586E-03
          11           8   4.26213443E-03
          12           8   4.38214839E-03
          13           8   2.93515623E-03
          14           8   1.87515467E-03
          15           8   5.40710986E-04
          16           8   4.74222004E-04
          17           8   3.12685966E-04
          18           8  -2.01106071E-04
          19           8   1.55717134E-05
          20           8   3.11717391E-04
           0           9   0.00000000    
           1           9  -1.74312294E-03
           2           9  -4.03508544E-04
           3           9  -7.00943172E-04
           4           9  -8.17388296E-04
           5           9  -2.12976336E-03
           6           9  -4.25564498E-03
           7           9  -5.42530417E-03
           8           9  -4.34160233E-03
           9           9  -1.31204724E-03
          10           9   3.37532163E-03
          11           9   5.62770665E-03
          12           9   5.45092672E-03
          13           9   4.46583331E-03
          14           9   2.92024761E-03
          15           9   1.56862289E-03
          16           9   4.18424606E-04
          17           9  -2.82227993E-05
          18           9  -9.89288092E-05
          19           9   3.37287784E-05
          20           9   8.14124942E-05
           0          10   0.00000000    
           1          10  -1.34351850E-03
           2          10  -7.82042742E-04
           3          10  -5.20929694E-04
           4          10  -9.46819782E-04
           5          10  -3.09409946E-03
           6          10  -5.32896817E-03
           7          10  -5.95303625E-03
           8          10  -4.80186939E-03
           9          10  -1.11484528E-03
          10          10   3.67893279E-03
          11          10   5.83108515E-03
          12          10   5.42302430E-03
          13          10   4.61633503E-03
          14          10   3.38051468E-03
          15          10   1.91634148E-03
          16          10   8.21933150E-04
          17          10   1.44340098E-04
          18          10   2.67602503E-04
          19          10  -1.72562897E-04
          20          10   8.14124942E-05
           0          11   0.00000000    
           1          11  -1.14175677E-03
           2          11  -6.56515360E-04
           3          11  -4.03508544E-04
           4          11  -7.45385885E-04
           5          11  -2.84920633E-03
           6          11  -4.96437401E-03
           7          11  -5.57418168E-03
           8          11  -4.64197248E-03
           9          11  -1.74572319E-03
          10          11   2.66496092E-03
          11          11   5.07304072E-03
          12          11   5.40713221E-03
          13          11   5.02243638E-03
          14          11   3.84175777E-03
          15          11   2.48592347E-03
          16          11   9.00752842E-04
          17          11   2.17646360E-04
          18          11   1.98833644E-04
          19          11  -1.31689012E-04
          20          11  -6.84484839E-05
           0          12   0.00000000    
           1          12  -1.20890141E-03
           2          12  -4.11942601E-04
           3          12  -1.71259046E-04
           4          12   1.87158585E-04
           5          12  -1.03473663E-04
           6          12  -4.49534506E-03
           7          12  -5.52844256E-03
           8          12  -5.16450405E-03
           9          12  -2.77427584E-03
          10          12   2.35584378E-03
          11          12   4.25986201E-03
          12          12   4.57254797E-03
          13          12   4.08016890E-03
          14          12   3.43889743E-03
          15          12   2.78498232E-03
          16          12  -6.17586076E-04
          17          12   7.40848482E-04
          18          12   6.84730709E-04
          19          12  -6.77280128E-04
          20          12   3.27825546E-07
           0          13   0.00000000    
           1          13  -1.06066465E-04
           2          13  -3.24100256E-06
           3          13  -1.30400062E-04
           4          13   2.20566988E-04
           5          13  -4.52488661E-04
           6          13  -3.01300734E-03
           7          13  -4.39155102E-03
           8          13  -4.17196006E-03
           9          13  -2.44797021E-03
          10          13   1.08077377E-03
          11          13   3.26082855E-03
          12          13   3.98544222E-03
          13          13   3.73309851E-03
          14          13   3.03571671E-03
          15          13   1.68538839E-03
          16          13   5.83529472E-04
          17          13   8.79019499E-05
          18          13  -4.54112887E-05
          19          13  -2.16990709E-04
          20          13   7.78436661E-05
           0          14   0.00000000    
           1          14  -4.05132771E-04
           2          14  -4.63843346E-04
           3          14   9.30875540E-05
           4          14   4.76837158E-05
           5          14  -5.18009067E-04
           6          14  -2.22610682E-03
           7          14  -2.90239602E-03
           8          14  -3.12685966E-03
           9          14  -1.51704252E-03
          10          14   1.28577650E-03
          11          14   2.81903893E-03
          12          14   3.17519158E-03
          13          14   2.83072144E-03
          14          14   1.99905038E-03
          15          14   9.54274088E-04
          16          14   3.96370888E-04
          17          14  -8.88705254E-05
          18          14  -4.44352627E-05
          19          14  -1.78076327E-04
          20          14   8.43405724E-06
           0          15   0.00000000    
           1          15  -6.87651336E-04
           2          15  -1.19365752E-04
           3          15   6.48796558E-05
           4          15   3.22408974E-04
           5          15   2.51054764E-04
           6          15   2.78957188E-04
           7          15  -5.83857298E-04
           8          15  -1.47455186E-03
           9          15  -1.46319717E-03
          10          15   4.13559377E-04
          11          15   1.19204074E-03
          12          15   1.25690550E-03
          13          15   1.25820190E-03
          14          15   8.74482095E-04
          15          15   4.86865640E-04
          16          15   6.03348017E-05
          17          15  -5.38416207E-05
          18          15  -2.10512429E-04
          19          15  -1.48881227E-04
          20          15  -3.43807042E-05
           0          16   0.00000000    
           1          16  -5.82233071E-04
           2          16  -1.67042017E-04
           3          16   1.77748501E-04
           4          16   2.09532678E-04
           5          16   5.13792038E-04
           6          16   3.61986458E-04
           7          16   5.09247184E-05
           8          16  -4.41782176E-04
           9          16  -1.33313239E-03
          10          16  -5.19633293E-04
          11          16   6.11424446E-04
          12          16   9.60759819E-04
          13          16   5.97476959E-04
          14          16   5.66668808E-04
          15          16   2.93228775E-04
          16          16  -1.49235129E-05
          17          16   3.99015844E-05
          18          16   7.07134604E-05
          19          16  -1.10283494E-04
          20          16  -6.42202795E-05
           0          17   0.00000000    
           1          17  -4.81352210E-04
           2          17  -1.45956874E-05
           3          17   2.46465206E-05
           4          17   3.16575170E-04
           5          17   2.41331756E-04
           6          17   3.43173742E-04
           7          17   4.99848276E-04
           8          17   9.82806087E-05
           9          17   8.59610736E-05
          10          17   6.13033772E-05
          11          17  -2.92435288E-06
          12          17   8.72537494E-05
          13          17   1.13524497E-04
          14          17   3.79495323E-05
          15          17   1.58920884E-05
          16          17  -5.51417470E-05
          17          17   1.61305070E-06
          18          17  -1.68018043E-04
          19          17  -1.79696828E-04
          20          17  -7.68750906E-05
           0          18   0.00000000    
           1          18  -6.95757568E-04
           2          18   1.32665038E-04
           3          18   1.59904361E-04
           4          18   8.79094005E-05
           5          18   1.96889043E-04
           6          18   4.16807830E-04
           7          18   4.18756157E-04
           8          18   1.77428126E-04
           9          18   1.23251230E-04
          10          18   1.43699348E-04
          11          18   2.56188214E-05
          12          18  -1.65402889E-05
          13          18  -1.07038766E-04
          14          18  -5.70900738E-05
          15          18  -2.08560377E-04
          16          18  -9.79565084E-05
          17          18  -8.49850476E-05
          18          18  -1.42395496E-04
          19          18  -4.37870622E-05
          20          18  -4.86560166E-05
           0          19   0.00000000    
           1          19  -5.43951988E-04
           2          19   1.68345869E-04
           3          19   1.84565783E-04
           4          19   1.42395496E-04
           5          19   1.53098255E-04
           6          19   2.79605389E-04
           7          19   1.75155699E-04
           8          19   8.36886466E-05
           9          19   3.29554081E-04
          10          19   2.27384269E-04
          11          19   1.81965530E-04
          12          19   1.05421990E-04
          13          19   1.62176788E-04
          14          19   1.52438879E-05
          15          19  -6.29238784E-05
          16          19   7.55749643E-05
          17          19   4.14215028E-04
          18          19  -5.06326556E-04
          19          19  -9.30875540E-05
          20          19   4.08664346E-05
           0          20   0.00000000    
           1          20  -2.66622752E-04
           2          20   1.94460154E-06
           3          20   1.72235072E-04
           4          20   2.11160630E-04
           5          20   2.24776566E-04
           6          20   2.35162675E-04
           7          20   2.19918787E-04
           8          20   2.04354525E-04
           9          20   1.63473189E-04
          10          20   1.47584826E-04
          11          20   1.13528222E-04
          12          20   7.23265111E-05
          13          20   1.40771270E-04
          14          20   6.94170594E-05
          15          20  -3.40528786E-05
          16          20   1.91051513E-04
          17          20  -2.25763768E-04
          18          20  -5.77308238E-05
          19          20  -1.49860978E-04
          20          20  -6.55204058E-05
