           0           0   8.08529630E-02
           1           0   8.37352499E-02
           2           0   8.49784464E-02
           3           0   8.45025778E-02
           4           0   8.31769854E-02
           5           0   8.44747275E-02
           6           0   8.25323090E-02
           7           0   8.25792104E-02
           8           0   8.15742165E-02
           9           0   8.18083286E-02
          10           0   8.06669220E-02
          11           0   7.98484012E-02
          12           0   7.88373575E-02
          13           0   7.92615712E-02
          14           0   7.79600590E-02
          15           0   7.07201064E-02
          16           0   8.06308389E-02
          17           0   7.80363008E-02
          18           0   7.80939236E-02
          19           0   7.21869469E-02
          20           0   7.61989951E-02
           0           1   7.89198205E-02
           1           1   8.48783255E-02
           2           1   8.36350918E-02
           3           1   8.38244781E-02
           4           1   8.30450952E-02
           5           1   8.25095028E-02
           6           1   8.35918486E-02
           7           1   8.25558305E-02
           8           1   8.26788098E-02
           9           1   8.32272172E-02
          10           1   8.27523917E-02
          11           1   8.15616176E-02
          12           1   8.19368809E-02
          13           1   8.20028707E-02
          14           1   8.05557966E-02
          15           1   7.96826631E-02
          16           1   7.90075809E-02
          17           1   7.89671689E-02
          18           1   7.77682215E-02
          19           1   7.72994682E-02
          20           1   7.74434879E-02
           0           2   7.96048790E-02
           1           2   8.48170295E-02
           2           2   8.30474421E-02
           3           2   8.28786567E-02
           4           2   8.26450363E-02
           5           2   8.17471594E-02
           6           2   8.14377889E-02
           7           2   8.06635544E-02
           8           2   8.03616568E-02
           9           2   7.95658976E-02
          10           2   7.95470029E-02
          11           2   7.79267028E-02
          12           2   7.77729675E-02
          13           2   7.81303272E-02
          14           2   7.72810355E-02
          15           2   7.75336549E-02
          16           2   7.72590786E-02
          17           2   7.69462287E-02
          18           2   7.66524822E-02
          19           2   7.73166269E-02
          20           2   7.68561065E-02
           0           3   7.84076080E-02
           1           3   8.33602399E-02
           2           3   8.29703063E-02
           3           3   8.30565318E-02
           4           3   8.27691108E-02
           5           3   8.21369588E-02
           6           3   8.19787458E-02
           7           3   8.13500956E-02
           8           3   8.06970522E-02
           9           3   8.10200274E-02
          10           3   8.04881305E-02
          11           3   7.98400417E-02
          12           3   8.04943964E-02
          13           3   8.08414519E-02
          14           3   8.03154856E-02
          15           3   8.06106180E-02
          16           3   8.08238611E-02
          17           3   7.89685100E-02
          18           3   8.45919997E-02
          19           3   7.35451430E-02
          20           3   8.18291157E-02
           0           4   8.14237744E-02
           1           4   8.74185488E-02
           2           4   8.94720778E-02
           3           4   8.61611590E-02
           4           4   7.13417754E-02
           5           4   8.73268992E-02
           6           4   8.55658576E-02
           7           4   8.34682211E-02
           8           4   8.26755986E-02
           9           4   8.12041834E-02
          10           4   7.99666420E-02
          11           4   7.86942318E-02
          12           4   7.77341798E-02
          13           4   7.70885944E-02
          14           4   7.68733397E-02
          15           4   7.60158822E-02
          16           4   7.65320212E-02
          17           4   7.67874569E-02
          18           4   7.69129694E-02
          19           4   7.76834711E-02
          20           4   7.70511180E-02
           0           5   7.81009644E-02
           1           5   8.46733302E-02
           2           5   8.40871707E-02
           3           5   8.40978995E-02
           4           5   8.41952264E-02
           5           5   8.42312574E-02
           6           5   8.28892067E-02
           7           5   8.15782025E-02
           8           5   8.07446912E-02
           9           5   7.96756968E-02
          10           5   7.83383772E-02
          11           5   7.72319585E-02
          12           5   7.62162432E-02
          13           5   7.57491440E-02
          14           5   7.55458176E-02
          15           5   7.51343966E-02
          16           5   7.53764361E-02
          17           5   7.51046985E-02
          18           5   7.54843503E-02
          19           5   7.57409260E-02
          20           5   7.54267424E-02
           0           6   7.80882612E-02
           1           6   8.55744332E-02
           2           6   8.58131349E-02
           3           6   8.60498026E-02
           4           6   8.65908414E-02
           5           6   8.49019065E-02
           6           6   8.51604417E-02
           7           6   8.40439051E-02
           8           6   8.45175683E-02
           9           6   8.52422863E-02
          10           6   8.32792744E-02
          11           6   7.97696561E-02
          12           6   7.70428926E-02
          13           6   7.53145069E-02
          14           6   7.55643696E-02
          15           6   7.53444284E-02
          16           6   7.56523088E-02
          17           6   7.55525976E-02
          18           6   7.55149797E-02
          19           6   7.56916702E-02
          20           6   7.56470263E-02
           0           7   7.84574077E-02
           1           7   8.60830992E-02
           2           7   8.65142941E-02
           3           7   8.73691067E-02
           4           7   8.80750716E-02
           5           7   8.72458369E-02
           6           7   8.72652158E-02
           7           7   8.99280235E-02
           8           7   9.36251283E-02
           9           7   9.64740589E-02
          10           7   9.21548828E-02
          11           7   8.57122391E-02
          12           7   7.82186985E-02
          13           7   7.49282837E-02
          14           7   7.37544820E-02
          15           7   7.50851557E-02
          16           7   7.02201948E-02
          17           7   7.55289346E-02
          18           7   7.70681500E-02
          19           7   7.36871064E-02
          20           7   7.32487515E-02
           0           8   7.77645260E-02
           1           8   8.63193423E-02
           2           8   8.62721801E-02
           3           8   8.74443725E-02
           4           8   8.81644487E-02
           5           8   8.87046456E-02
           6           8   9.40828621E-02
           7           8  0.102875344    
           8           8  0.110002518    
           9           8  0.110265948    
          10           8  0.102051444    
          11           8   9.20081288E-02
          12           8   8.36530700E-02
          13           8   7.59794265E-02
          14           8   7.28764012E-02
          15           8   7.17283711E-02
          16           8   7.27832988E-02
          17           8   7.39825219E-02
          18           8   7.52457157E-02
          19           8   7.47683272E-02
          20           8   7.72045180E-02
           0           9   7.68812150E-02
           1           9   8.52644369E-02
           2           9   8.53734538E-02
           3           9   8.66044983E-02
           4           9   8.66452456E-02
           5           9   9.23151225E-02
           6           9  0.104672298    
           7           9  0.118833721    
           8           9  0.125727713    
           9           9  0.123112045    
          10           9  0.111658394    
          11           9  0.103218250    
          12           9   8.96465257E-02
          13           9   8.87684897E-02
          14           9   8.50800723E-02
          15           9   7.67093971E-02
          16           9   7.21570179E-02
          17           9   7.12300539E-02
          18           9   7.26023987E-02
          19           9   7.36718997E-02
          20           9   7.43179843E-02
           0          10   7.64998496E-02
           1          10   8.36972445E-02
           2          10   8.47626179E-02
           3          10   8.47597569E-02
           4          10   8.66611451E-02
           5          10   9.57912430E-02
           6          10  0.110357575    
           7          10  0.124248363    
           8          10  0.132091656    
           9          10  0.128254548    
          10          10  0.116810642    
          11          10  0.106162526    
          12          10   9.69286412E-02
          13          10   8.78921300E-02
          14          10   7.94963464E-02
          15          10   7.30639100E-02
          16          10   6.73078150E-02
          17          10   7.30830356E-02
          18          10   6.94087073E-02
          19          10   7.42768198E-02
          20          10   7.50565454E-02
           0          11   7.60794356E-02
           1          11   8.32335725E-02
           2          11   8.32276940E-02
           3          11   8.34274217E-02
           4          11   8.71125460E-02
           5          11   9.90649387E-02
           6          11  0.114031203    
           7          11  0.125956714    
           8          11  0.132800207    
           9          11  0.130061716    
          10          11  0.119887926    
          11          11  0.109387711    
          12          11   9.96579826E-02
          13          11   9.02991965E-02
          14          11   8.10124800E-02
          15          11   7.45773986E-02
          16          11   7.10324273E-02
          17          11   7.18420148E-02
          18          11   7.39363432E-02
          19          11   7.51116499E-02
          20          11   7.59348348E-02
           0          12   7.59730041E-02
           1          12   8.34228992E-02
           2          12   8.28536674E-02
           3          12   8.31314027E-02
           4          12   8.34013224E-02
           5          12   9.29535851E-02
           6          12  0.105885290    
           7          12  0.116870441    
           8          12  0.129799768    
           9          12  0.127179548    
          10          12  0.117547438    
          11          12  0.107120931    
          12          12   9.79026631E-02
          13          12   8.76968801E-02
          14          12   7.96353519E-02
          15          12   7.39762485E-02
          16          12   7.25590289E-02
          17          12   7.27927014E-02
          18          12   7.45276734E-02
          19          12   7.45225623E-02
          20          12   7.52084628E-02
           0          13   7.46433884E-02
           1          13   8.03075358E-02
           2          13   8.06395784E-02
           3          13   7.93922767E-02
           4          13   7.99009502E-02
           5          13   8.46173167E-02
           6          13   9.49850753E-02
           7          13  0.106237829    
           8          13  0.113487728    
           9          13  0.114922024    
          10          13  0.107033946    
          11          13   9.62325260E-02
          12          13   8.67980868E-02
          13          13   7.93119147E-02
          14          13   7.12965578E-02
          15          13   4.66078073E-02
          16          13   8.38703737E-02
          17          13   7.43253157E-02
          18          13   7.41011202E-02
          19          13   7.38629550E-02
          20          13   7.46750459E-02
           0          14   7.39129037E-02
           1          14   7.94445351E-02
           2          14   7.91832730E-02
           3          14   7.71722272E-02
           4          14   7.61945173E-02
           5          14   7.71156028E-02
           6          14   8.25568140E-02
           7          14   9.18976292E-02
           8          14  0.100033849    
           9          14  0.102354400    
          10          14   9.77625921E-02
          11          14   9.01429281E-02
          12          14   8.25026035E-02
          13          14   7.65599757E-02
          14          14   7.27198571E-02
          15          14   7.24935979E-02
          16          14   7.29162544E-02
          17          14   7.37520456E-02
          18          14   7.38241822E-02
          19          14   7.36787841E-02
          20          14   7.43278265E-02
           0          15   7.37996101E-02
           1          15   7.87996948E-02
           2          15   7.80804008E-02
           3          15   7.74510279E-02
           4          15   7.63737485E-02
           5          15   7.45368823E-02
           6          15   7.57368729E-02
           7          15   8.04946199E-02
           8          15   8.73848647E-02
           9          15   9.08815563E-02
          10          15   8.88717622E-02
          11          15   8.39644745E-02
          12          15   7.92903006E-02
          13          15   7.03418329E-02
          14          15   7.69118369E-02
          15          15   7.37181604E-02
          16          15   7.31104314E-02
          17          15   7.34657124E-02
          18          15   7.47160763E-02
          19          15   7.42831677E-02
          20          15   7.44302124E-02
           0          16   7.35286176E-02
           1          16   7.82036409E-02
           2          16   7.71013051E-02
           3          16   7.61216432E-02
           4          16   7.56208003E-02
           5          16   7.43524358E-02
           6          16   7.39167258E-02
           7          16   7.46380389E-02
           8          16   7.73479193E-02
           9          16   8.06998536E-02
          10          16   8.05242658E-02
          11          16   7.86157623E-02
          12          16   7.59570152E-02
          13          16   7.43541047E-02
          14          16   7.35371262E-02
          15          16   7.33153820E-02
          16          16   7.28030205E-02
          17          16   7.31326342E-02
          18          16   7.38150328E-02
          19          16   7.42406845E-02
          20          16   7.42808655E-02
           0          17   7.29270577E-02
           1          17   7.76383355E-02
           2          17   7.59794936E-02
           3          17   7.47812241E-02
           4          17   7.50145465E-02
           5          17   7.34714270E-02
           6          17   7.25556761E-02
           7          17   7.20166788E-02
           8          17   7.24660978E-02
           9          17   7.30096400E-02
          10          17   7.33761415E-02
          11          17   7.30078965E-02
          12          17   7.32653737E-02
          13          17   7.31374994E-02
          14          17   7.30537772E-02
          15          17   7.26255104E-02
          16          17   7.34345168E-02
          17          17   7.31070191E-02
          18          17   7.29069710E-02
          19          17   7.34355599E-02
          20          17   7.35351890E-02
           0          18   7.21570179E-02
           1          18   7.72366300E-02
           2          18   7.56229535E-02
           3          18   7.42132068E-02
           4          18   7.40954652E-02
           5          18   7.33079091E-02
           6          18   7.27611631E-02
           7          18   7.22915828E-02
           8          18   7.23493919E-02
           9          18   7.21685439E-02
          10          18   7.21755028E-02
          11          18   7.27329105E-02
          12          18   7.22488314E-02
          13          18   7.30133951E-02
          14          18   7.34116510E-02
          15          18   7.36885667E-02
          16          18   7.27519020E-02
          17          18   7.43499994E-02
          18          18   7.44663477E-02
          19          18   7.43476748E-02
          20          18   7.42818564E-02
           0          19   7.31873065E-02
           1          19   7.78553486E-02
           2          19   7.68370554E-02
           3          19   7.60331303E-02
           4          19   7.57876337E-02
           5          19   7.51821995E-02
           6          19   7.45442659E-02
           7          19   7.43323416E-02
           8          19   7.43398890E-02
           9          19   7.42767602E-02
          10          19   7.44543523E-02
          11          19   7.37830848E-02
          12          19   7.43870363E-02
          13          19   7.44049698E-02
          14          19   7.53399655E-02
          15          19   7.50901699E-02
          16          19   7.45997131E-02
          17          19   7.51776397E-02
          18          19   7.56498128E-02
          19          19   7.56153762E-02
          20          19   7.58354440E-02
           0          20   7.37473741E-02
           1          20   7.84042403E-02
           2          20   7.71741867E-02
           3          20   7.65112415E-02
           4          20   7.61634186E-02
           5          20   7.53934756E-02
           6          20   7.47902840E-02
           7          20   7.42560253E-02
           8          20   7.47075751E-02
           9          20   7.44470879E-02
          10          20   7.40551278E-02
          11          20   7.35214427E-02
          12          20   7.32959658E-02
          13          20   7.36818314E-02
          14          20   7.43739977E-02
          15          20   7.31293410E-02
          16          20   7.39904642E-02
          17          20   7.38256574E-02
          18          20   7.41404369E-02
          19          20   7.36330524E-02
          20          20   7.39285797E-02
