           0           0   7.45058060E-09
           1           0  -1.35468692E-03
           2           0  -1.59494579E-03
           3           0  -9.05871391E-04
           4           0  -5.69544733E-04
           5           0  -8.01563263E-04
           6           0   1.03108585E-04
           7           0  -1.92187726E-04
           8           0   4.38280404E-04
           9           0   9.82053578E-04
          10           0   6.11752272E-04
          11           0   7.81640410E-04
          12           0   8.23840499E-04
          13           0   6.11722469E-04
          14           0   5.67197800E-04
          15           0   7.96884298E-04
          16           0   7.82825053E-04
          17           0   3.87921929E-04
          18           0   2.77720392E-04
          19           0   7.61821866E-05
          20           0  -4.92110848E-05
           0           1  -7.45058060E-09
           1           1  -4.40866500E-03
           2           1  -2.66956538E-03
           3           1  -1.83871388E-03
           4           1  -9.63293016E-04
           5           1  -9.19923186E-04
           6           1  -3.84382904E-04
           7           1   1.30079687E-04
           8           1   5.34355640E-04
           9           1   1.02192163E-03
          10           1   7.95699656E-04
          11           1   9.99622047E-04
          12           1   8.22648406E-04
          13           1   8.22678208E-04
          14           1   7.47688115E-04
          15           1   9.44547355E-04
          16           1   1.27265602E-03
          17           1   4.70131636E-06
          18           1   3.30463052E-04
          19           1   3.75062227E-05
          20           1   4.54701483E-04
           0           2  -7.45058060E-09
           1           2  -3.80867720E-03
           2           2  -3.06449085E-03
           3           2  -2.08010525E-03
           4           2  -1.62073970E-03
           5           2  -8.99992883E-04
           6           2  -3.92600894E-04
           7           2   3.23452055E-04
           8           2   6.49221241E-04
           9           2   1.26916170E-03
          10           2   1.01839006E-03
          11           2   1.00314617E-03
          12           2   9.21092927E-04
          13           2   1.31956488E-03
          14           2   1.05822831E-03
          15           2   1.09220296E-03
          16           2   8.41416419E-04
          17           2   3.25806439E-04
          18           2   5.28536737E-04
          19           2   3.62113118E-04
          20           2   1.74611807E-04
           0           3   7.45058060E-09
           1           3  -4.14029509E-03
           2           3  -3.11957300E-03
           3           3  -2.62974948E-03
           4           3  -1.71447545E-03
           5           3  -1.36408955E-03
           6           3  -5.39086759E-04
           7           3   6.11729920E-04
           8           3   1.05941296E-03
           9           3   1.35938823E-03
          10           3   1.47190690E-03
          11           3   1.32892281E-03
          12           3   1.54221803E-03
          13           3   1.52227283E-03
          14           3   1.44729763E-03
          15           3   1.16721541E-03
          16           3   8.32028687E-04
          17           3   7.64101744E-04
          18           3   5.47260046E-04
          19           3   3.96117568E-04
          20           3   3.80851328E-04
           0           4   7.45058060E-09
           1           4  -3.28596681E-03
           2           4  -4.97701019E-03
           3           4  -3.40434164E-03
           4           4  -2.27113068E-03
           5           4  -1.26915425E-03
           6           4  -2.11074948E-05
           7           4   6.89074397E-04
           8           4   8.99992883E-04
           9           4   1.30785257E-03
          10           4   1.62426382E-03
          11           4   2.00978667E-03
          12           4   1.52698904E-03
          13           4   1.38869882E-03
          14           4   1.36055052E-03
          15           4   3.04929167E-03
          16           4   3.39026004E-03
          17           4  -2.16446817E-03
          18           4   3.91423702E-04
          19           4  -3.86729836E-04
          20           4  -3.70323658E-04
           0           5   0.00000000    
           1           5  -4.71568108E-03
           2           5  -4.24812734E-03
           3           5  -3.22153419E-03
           4           5  -2.67308205E-03
           5           5  -1.18244439E-03
           6           5  -2.16796994E-04
           7           5   8.69557261E-04
           8           5   8.62509012E-04
           9           5   6.97262585E-04
          10           5   1.44726783E-03
          11           5   1.30552799E-03
          12           5   1.55273825E-03
          13           5   1.78481638E-03
          14           5   1.66408718E-03
          15           5   9.75005329E-04
          16           5   1.08166039E-03
          17           5   1.00079924E-03
          18           5   8.12098384E-04
          19           5   4.81657684E-04
          20           5   1.30094588E-04
           0           6   0.00000000    
           1           6  -4.93483990E-03
           2           6  -4.61021811E-03
           3           6  -4.00085747E-03
           4           6  -3.36098671E-03
           5           6  -1.65001303E-03
           6           6   1.27732754E-04
           7           6   2.61314213E-04
           8           6   2.33225524E-04
           9           6  -1.02306902E-03
          10           6  -7.26550817E-04
          11           6   6.29313290E-04
          12           6   2.23010778E-03
          13           6   2.88987905E-03
          14           6   2.98718363E-03
          15           6   2.63087451E-03
          16           6   2.68951803E-03
          17           6   1.73674524E-03
          18           6   1.31016970E-03
          19           6   1.15549564E-03
          20           6   6.48044050E-04
           0           7   7.45058060E-09
           1           7  -5.09187579E-03
           2           7  -4.73561883E-03
           3           7  -4.34654206E-03
           4           7  -3.07624042E-03
           5           7  -2.12695450E-03
           6           7  -1.00667030E-03
           7           7  -2.53596902E-03
           8           7  -5.78912348E-03
           9           7  -7.09935278E-03
          10           7  -4.05589491E-03
          11           7  -2.13310122E-04
          12           7   3.10435146E-03
          13           7   4.55044955E-03
          14           7   5.49382716E-03
          15           7   5.41064888E-03
          16           7   5.47037274E-03
          17           7   4.47900593E-03
          18           7   3.35980207E-03
          19           7   2.46916711E-03
          20           7   1.55981630E-03
           0           8  -7.45058060E-09
           1           8  -5.68483770E-03
           2           8  -4.92312759E-03
           3           8  -4.12153453E-03
           4           8  -3.64810973E-03
           5           8  -3.26606631E-03
           6           8  -6.00712001E-03
           7           8  -1.26107261E-02
           8           8  -1.69971511E-02
           9           8  -1.44236386E-02
          10           8  -6.37742132E-03
          11           8   4.39442694E-04
          12           8   4.75205481E-03
          13           8   6.55320287E-03
          14           8   7.27160275E-03
          15           8   8.62042606E-03
          16           8   8.70831311E-03
          17           8   8.10951740E-03
          18           8   7.36651570E-03
          19           8   5.27937710E-03
          20           8   4.81296331E-03
           0           9   7.45058060E-09
           1           9  -4.33598459E-03
           2           9  -4.76257503E-03
           3           9  -4.26216424E-03
           4           9  -4.30436432E-03
           5           9  -7.26339966E-03
           6           9  -1.40509829E-02
           7           9  -2.14456394E-02
           8           9  -2.48253942E-02
           9           9  -1.67522281E-02
          10           9  -5.35319000E-03
          11           9   2.41407007E-03
          12           9   5.52427024E-03
          13           9   7.94778019E-03
          14           9   9.57558304E-03
          15           9   1.11435130E-02
          16           9   1.28240287E-02
          17           9   1.09677538E-02
          18           9   9.68685746E-03
          19           9   7.39464909E-03
          20           9   5.87002188E-03
           0          10  -7.45058060E-09
           1          10  -4.35242802E-03
           2          10  -4.75084782E-03
           3          10  -3.91412526E-03
           4          10  -5.39540499E-03
           5          10  -9.92123783E-03
           6          10  -1.85944512E-02
           7          10  -2.50913799E-02
           8          10  -2.52906606E-02
           9          10  -1.70041472E-02
          10          10  -6.70436770E-03
          11          10   1.64179504E-03
          12          10   6.25792146E-03
          13          10   8.37318599E-03
          14          10   1.02084130E-02
          15          10   1.23036355E-02
          16          10   1.28732473E-02
          17          10   1.21795014E-02
          18          10   1.04931444E-02
          19          10   9.04931128E-03
          20          10   7.09935278E-03
           0          11   7.45058060E-09
           1          11  -3.89301777E-03
           2          11  -4.02894616E-03
           3          11  -3.67507339E-03
           4          11  -5.29812276E-03
           5          11  -1.15830079E-02
           6          11  -1.96655244E-02
           7          11  -2.42851600E-02
           8          11  -2.45968327E-02
           9          11  -1.91663206E-02
          10          11  -6.99734688E-03
          11          11   8.33205879E-04
          12          11   5.49966097E-03
          13          11   8.51970166E-03
          14          11   1.07954368E-02
          15          11   1.31134912E-02
          16          11   1.36537328E-02
          17          11   1.25755668E-02
          18          11   1.08060390E-02
          19          11   9.93059576E-03
          20          11   7.30086863E-03
           0          12   7.45058060E-09
           1          12  -3.69614363E-03
           2          12  -3.26254964E-03
           3          12  -2.66839564E-03
           4          12  -4.56335396E-03
           5          12  -9.86266881E-03
           6          12  -1.78479180E-02
           7          12  -2.44023278E-02
           8          12  -2.22425386E-02
           9          12  -1.73627585E-02
          10          12  -8.12943280E-03
          11          12  -2.12155282E-04
          12          12   5.21851331E-03
          13          12   8.79150629E-03
          14          12   1.14939138E-02
          15          12   1.40545219E-02
          16          12   1.53635293E-02
          17          12   1.20622888E-02
          18          12   9.98571515E-03
          19          12   7.52473623E-03
          20          12   6.94464892E-03
           0          13   7.45058060E-09
           1          13  -3.54846567E-03
           2          13  -2.88169086E-03
           3          13  -1.77191198E-03
           4          13  -1.74730271E-03
           5          13  -3.84965539E-03
           6          13  -1.00560039E-02
           7          13  -1.72865763E-02
           8          13  -2.01600716E-02
           9          13  -1.77893415E-02
          10          13  -1.00513399E-02
          11          13  -1.77890807E-03
          12          13   4.47427481E-03
          13          13   9.55442339E-03
          14          13   1.12044886E-02
          15          13   1.23447180E-02
          16          13   1.13708675E-02
          17          13   9.75602120E-03
          18          13   7.51064718E-03
          19          13   5.75518608E-03
          20          13   4.53054160E-03
           0          14   0.00000000    
           1          14  -3.71839106E-03
           2          14  -2.35670060E-03
           3          14  -1.52813643E-03
           4          14  -2.16804445E-04
           5          14  -1.88641250E-04
           6          14  -4.10750508E-03
           7          14  -1.05399862E-02
           8          14  -1.62846595E-02
           9          14  -1.61861852E-02
          10          14  -1.10322013E-02
          11          14  -3.00122052E-03
          12          14   2.95196474E-03
          13          14   6.57200813E-03
          14          14   8.75403732E-03
          15          14   9.41734016E-03
          16          14   8.73646140E-03
          17          14   7.26339966E-03
          18          14   5.24187088E-03
          19          14   4.39343601E-03
          20          14   3.29069793E-03
           0          15  -7.45058060E-09
           1          15  -3.22505087E-03
           2          15  -2.28753686E-03
           3          15  -1.31486356E-03
           4          15  -4.08992171E-04
           5          15   6.56269491E-04
           6          15   5.97611070E-05
           7          15  -3.71724367E-03
           8          15  -9.52865928E-03
           9          15  -1.11892298E-02
          10          15  -8.94039124E-03
          11          15  -3.91528010E-03
          12          15   7.42971897E-04
          13          15   3.45005840E-03
          14          15   4.96178865E-03
          15          15   5.42820990E-03
          16          15   5.44109195E-03
          17          15   4.94772941E-03
          18          15   3.47114354E-03
          19          15   2.21488625E-03
          20          15   1.81411952E-03
           0          16   0.00000000    
           1          16  -2.92975456E-03
           2          16  -2.47502327E-03
           3          16  -1.46370381E-03
           4          16  -3.67946923E-04
           5          16   4.96871769E-04
           6          16   9.70341265E-04
           7          16  -1.71095133E-04
           8          16  -1.85628980E-03
           9          16  -4.62546200E-03
          10          16  -4.34302539E-03
          11          16  -3.22268903E-03
          12          16  -6.45697117E-04
          13          16   3.90216708E-04
          14          16   2.07777321E-03
          15          16   1.77074969E-03
          16          16   1.88557059E-03
          17          16   2.06018984E-03
          18          16   1.26211345E-03
          19          16   6.45719469E-04
          20          16   3.85560095E-04
           0          17  -7.45058060E-09
           1          17  -2.87817419E-03
           2          17  -2.30395049E-03
           3          17  -1.22229010E-03
           4          17  -1.60560012E-04
           5          17   3.91423702E-04
           6          17   6.23457134E-04
           7          17   7.85067677E-05
           8          17   4.16018069E-04
           9          17  -1.02772564E-03
          10          17  -1.07696652E-03
          11          17  -1.02187693E-03
          12          17  -7.59400427E-04
          13          17  -8.27342272E-04
          14          17   3.04877758E-05
          15          17   1.51164830E-04
          16          17   4.67583537E-04
          17          17   4.88676131E-04
          18          17   1.31241977E-04
          19          17  -1.28932297E-04
          20          17  -1.90980732E-04
           0          18  -7.45058060E-09
           1          18  -3.05629522E-03
           2          18  -2.30981410E-03
           3          18  -1.46135688E-03
           4          18  -3.31655145E-04
           5          18   3.44552100E-04
           6          18   4.20711935E-04
           7          18  -5.15505672E-05
           8          18   4.18342650E-04
           9          18  -5.15356660E-05
          10          18   2.92733312E-05
          11          18  -3.17566097E-04
          12          18  -3.62113118E-04
          13          18  -5.87113202E-04
          14          18  -5.98840415E-04
          15          18  -3.48031521E-04
          16          18  -1.62877142E-04
          17          18  -1.19566917E-04
          18          18  -2.81184912E-05
          19          18  -7.93375075E-04
          20          18  -3.50177288E-06
           0          19   7.45058060E-09
           1          19  -3.30121070E-03
           2          19  -2.08479911E-03
           3          19  -1.32072717E-03
           4          19  -2.76587903E-04
           5          19  -5.98818064E-04
           6          19   2.56642699E-04
           7          19   1.44146383E-04
           8          19   5.77755272E-04
           9          19   1.73434615E-04
          10          19   3.64467502E-04
          11          19  -2.09771097E-04
          12          19  -1.49995089E-04
          13          19   3.39746475E-05
          14          19  -4.12501395E-04
          15          19  -2.00390816E-04
          16          19   6.56247139E-05
          17          19  -1.51187181E-04
          18          19  -3.86707485E-04
          19          19  -5.17971814E-04
          20          19  -1.05485320E-04
           0          20   0.00000000    
           1          20  -3.09379399E-03
           2          20  -1.96525455E-03
           3          20  -1.61956251E-03
           4          20  -5.61341643E-04
           5          20  -2.97658145E-04
           6          20  -3.86759639E-05
           7          20   5.20333648E-04
           8          20   6.17578626E-04
           9          20  -1.74611807E-04
          10          20  -2.23830342E-04
          11          20  -2.68377364E-04
          12          20  -3.50177288E-06
          13          20  -7.03185797E-05
          14          20  -1.87307596E-05
          15          20   7.23644346E-03
          16          20  -8.41772556E-03
          17          20   6.37393445E-03
          18          20  -2.60863453E-03
          19          20  -1.38518959E-03
          20          20  -1.50472671E-03
