           0           0   8.03253576E-02
           1           0   8.12325031E-02
           2           0   8.18880200E-02
           3           0   8.09339657E-02
           4           0   8.08588341E-02
           5           0   8.02696794E-02
           6           0   8.09276849E-02
           7           0   7.92814568E-02
           8           0   8.08024853E-02
           9           0   7.90451020E-02
          10           0   7.85128176E-02
          11           0   7.81011879E-02
          12           0   7.73912668E-02
          13           0   7.75159374E-02
          14           0   7.81300515E-02
          15           0   7.72242248E-02
          16           0   7.70642087E-02
          17           0   7.64107257E-02
          18           0   7.55230635E-02
          19           0   7.52864778E-02
          20           0   7.54115880E-02
           0           1   7.99893141E-02
           1           1   8.10315907E-02
           2           1   8.07026997E-02
           3           1   8.04491565E-02
           4           1   7.93654621E-02
           5           1   8.09442401E-02
           6           1   8.03783461E-02
           7           1   8.02167952E-02
           8           1   7.97920972E-02
           9           1   7.98809752E-02
          10           1   7.94422328E-02
          11           1   7.93877468E-02
          12           1   7.94018731E-02
          13           1   7.77660087E-02
          14           1   7.62312412E-02
          15           1   7.55480379E-02
          16           1   7.49766082E-02
          17           1   7.46026188E-02
          18           1   7.46854320E-02
          19           1   7.42681995E-02
          20           1   7.40350932E-02
           0           2   7.88472295E-02
           1           2   8.05793405E-02
           2           2   8.08857530E-02
           3           2   8.09471682E-02
           4           2   8.03732574E-02
           5           2   8.04256946E-02
           6           2   8.07635710E-02
           7           2   8.01850110E-02
           8           2   8.03955272E-02
           9           2   8.06139335E-02
          10           2   7.98938349E-02
          11           2   7.88364187E-02
          12           2   7.85049200E-02
          13           2   7.76617974E-02
          14           2   7.68971667E-02
          15           2   7.64138624E-02
          16           2   7.62950182E-02
          17           2   7.48713017E-02
          18           2   7.41891488E-02
          19           2   7.40505457E-02
          20           2   7.41840824E-02
           0           3   7.90606663E-02
           1           3   8.14274251E-02
           2           3   8.10050145E-02
           3           3   8.14128444E-02
           4           3   8.16224664E-02
           5           3   8.08847845E-02
           6           3   8.10695589E-02
           7           3   8.01528990E-02
           8           3   7.95676485E-02
           9           3   7.86948949E-02
          10           3   7.78080821E-02
          11           3   7.68935904E-02
          12           3   7.60424584E-02
          13           3   7.55893365E-02
          14           3   7.48439357E-02
          15           3   7.42421299E-02
          16           3   7.39530250E-02
          17           3   7.36666098E-02
          18           3   7.34817386E-02
          19           3   7.36256242E-02
          20           3   7.35648647E-02
           0           4   7.86905661E-02
           1           4   8.08908269E-02
           2           4   8.08459669E-02
           3           4   8.16874653E-02
           4           4   8.20283666E-02
           5           4   8.18964764E-02
           6           4   8.15327391E-02
           7           4   8.10902119E-02
           8           4   8.01954940E-02
           9           4   7.87788033E-02
          10           4   7.75172338E-02
          11           4   7.67824575E-02
          12           4   7.55998194E-02
          13           4   7.61877820E-02
          14           4   7.38383085E-02
          15           4   7.40145445E-02
          16           4   7.45364577E-02
          17           4   7.40307644E-02
          18           4   7.43538290E-02
          19           4   7.45141804E-02
          20           4   7.48953000E-02
           0           5   8.13743398E-02
           1           5   8.38752016E-02
           2           5   8.43704790E-02
           3           5   8.29242617E-02
           4           5   8.28849077E-02
           5           5   8.25521052E-02
           6           5   8.24757665E-02
           7           5   8.18063989E-02
           8           5   8.03911984E-02
           9           5   7.95841888E-02
          10           5   7.82705247E-02
          11           5   7.54901767E-02
          12           5   7.54417479E-02
          13           5   7.46485591E-02
          14           5   7.45548308E-02
          15           5   7.42292702E-02
          16           5   7.41273165E-02
          17           5   7.49166086E-02
          18           5   7.39854574E-02
          19           5   7.35352486E-02
          20           5   7.26502687E-02
           0           6   7.70451799E-02
           1           6   8.03839564E-02
           2           6   8.08235779E-02
           3           6   8.23654905E-02
           4           6   8.34004357E-02
           5           6   8.30593184E-02
           6           6   8.28962550E-02
           7           6   8.27146247E-02
           8           6   8.38123560E-02
           9           6   8.36820900E-02
          10           6   8.18582922E-02
          11           6   7.80114681E-02
          12           6   7.54292011E-02
          13           6   7.37013221E-02
          14           6   7.29171261E-02
          15           6   7.30087012E-02
          16           6   7.27851093E-02
          17           6   7.32842982E-02
          18           6   7.40435272E-02
          19           6   7.35671371E-02
          20           6   7.36710355E-02
           0           7   7.78232217E-02
           1           7   8.14160705E-02
           2           7   8.18627253E-02
           3           7   8.30845013E-02
           4           7   8.43593627E-02
           5           7   8.50443020E-02
           6           7   8.71644467E-02
           7           7   9.20637250E-02
           8           7   9.64379981E-02
           9           7   9.74828899E-02
          10           7   9.17643532E-02
          11           7   8.28348473E-02
          12           7   7.63152540E-02
          13           7   7.47816712E-02
          14           7   7.36946091E-02
          15           7   7.20370114E-02
          16           7   7.09351450E-02
          17           7   6.99825883E-02
          18           7   6.98036551E-02
          19           7   6.96774870E-02
          20           7   6.96507841E-02
           0           8   7.61210695E-02
           1           8   7.85818994E-02
           2           8   8.16711411E-02
           3           8   8.29512849E-02
           4           8   8.46500918E-02
           5           8   4.97253686E-02
           6           8  0.106167160    
           7           8  0.100222446    
           8           8  0.110467128    
           9           8  0.108381487    
          10           8  0.101183206    
          11           8   8.89826119E-02
          12           8   7.86375850E-02
          13           8   7.32358694E-02
          14           8   6.99205250E-02
          15           8   6.99933097E-02
          16           8   6.89532906E-02
          17           8   6.83852211E-02
          18           8   6.93682581E-02
          19           8   6.91152513E-02
          20           8   6.80917725E-02
           0           9   7.42350146E-02
           1           9   8.00454244E-02
           2           9   7.96473324E-02
           3           9   8.15803111E-02
           4           9   8.36040080E-02
           5           9   8.98858458E-02
           6           9  0.101941571    
           7           9  0.115770265    
           8           9  0.124816969    
           9           9  0.124848858    
          10           9  0.112285733    
          11           9   9.69020426E-02
          12           9   8.43599960E-02
          13           9   7.49248192E-02
          14           9   6.96564987E-02
          15           9   6.73480108E-02
          16           9   6.75218850E-02
          17           9   6.80343732E-02
          18           9   6.83359206E-02
          19           9   6.81245476E-02
          20           9   6.78869039E-02
           0          10   7.23648369E-02
           1          10   7.68432170E-02
           2          10   7.81065002E-02
           3          10   7.90608823E-02
           4          10   8.16960186E-02
           5          10   9.10628513E-02
           6          10  0.105731979    
           7          10  0.120246463    
           8          10  0.130299672    
           9          10  0.129213944    
          10          10  0.115835987    
          11          10  0.100077987    
          12          10   8.78323168E-02
          13          10   7.78675601E-02
          14          10   7.12155104E-02
          15          10   6.82082251E-02
          16          10   6.73847869E-02
          17          10   6.77255839E-02
          18          10   6.69779181E-02
          19          10   6.78207278E-02
          20          10   6.73767850E-02
           0          11   7.19122440E-02
           1          11   7.57180974E-02
           2          11   7.67647177E-02
           3          11   7.74532259E-02
           4          11   7.95343444E-02
           5          11   8.82863179E-02
           6          11  0.101985037    
           7          11  0.115601264    
           8          11  0.125500292    
           9          11  0.126677394    
          10          11  0.116048455    
          11          11  0.101803288    
          12          11   8.88525471E-02
          13          11   7.75182173E-02
          14          11   6.97347969E-02
          15          11   6.52901456E-02
          16          11   6.47735521E-02
          17          11   6.49488196E-02
          18          11   6.45036772E-02
          19          11   6.51414692E-02
          20          11   6.52379468E-02
           0          12   6.94267526E-02
           1          12   7.34564289E-02
           2          12   7.36206695E-02
           3          12   7.37795904E-02
           4          12   7.29844719E-02
           5          12   7.35165477E-02
           6          12   8.83975625E-02
           7          12  0.102330372    
           8          12  0.114016958    
           9          12  0.118100047    
          10          12  0.107472949    
          11          12   9.56292450E-02
          12          12   8.46472830E-02
          13          12   7.56192729E-02
          14          12   6.82364553E-02
          15          12   6.23920783E-02
          16          12   6.72356784E-02
          17          12   6.41486049E-02
          18          12   6.26070127E-02
          19          12   6.55493289E-02
          20          12   6.48709610E-02
           0          13   7.11833984E-02
           1          13   7.15369508E-02
           2          13   7.14416951E-02
           3          13   7.18731135E-02
           4          13   7.10074753E-02
           5          13   7.27363452E-02
           6          13   8.23272169E-02
           7          13   9.39527154E-02
           8          13  0.103467703    
           9          13  0.107455641    
          10          13  0.101405084    
          11          13   9.16164294E-02
          12          13   8.15924406E-02
          13          13   7.31342286E-02
          14          13   6.67482689E-02
          15          13   6.41660243E-02
          16          13   6.39063045E-02
          17          13   6.41968325E-02
          18          13   6.44361004E-02
          19          13   6.51140064E-02
          20          13   6.46375343E-02
           0          14   6.81401044E-02
           1          14   6.94905445E-02
           2          14   7.06315488E-02
           3          14   6.98574036E-02
           4          14   6.97915554E-02
           5          14   7.15659335E-02
           6          14   7.84682781E-02
           7          14   8.59168321E-02
           8          14   9.34373066E-02
           9          14   9.53672603E-02
          10          14   8.95643011E-02
          11          14   8.14532787E-02
          12          14   7.36883432E-02
          13          14   6.74277991E-02
          14          14   6.35950267E-02
          15          14   6.24131598E-02
          16          14   6.20461963E-02
          17          14   6.27388060E-02
          18          14   6.27980679E-02
          19          14   6.33472130E-02
          20          14   6.31410182E-02
           0          15   6.61745742E-02
           1          15   6.84667453E-02
           2          15   6.81769848E-02
           3          15   6.78413585E-02
           4          15   6.68315366E-02
           5          15   6.63170889E-02
           6          15   6.56382889E-02
           7          15   6.78634346E-02
           8          15   7.21947551E-02
           9          15   7.55975321E-02
          10          15   7.27558061E-02
          11          15   6.91959038E-02
          12          15   6.61982521E-02
          13          15   6.32611513E-02
          14          15   6.16044141E-02
          15          15   6.08560033E-02
          16          15   6.11417629E-02
          17          15   6.13815673E-02
          18          15   6.20294362E-02
          19          15   6.23151995E-02
          20          15   6.22809269E-02
           0          16   6.47623092E-02
           1          16   6.67030811E-02
           2          16   6.66776597E-02
           3          16   6.59181178E-02
           4          16   6.53974116E-02
           5          16   6.38943017E-02
           6          16   6.32014647E-02
           7          16   6.33937120E-02
           8          16   6.49172366E-02
           9          16   6.89192340E-02
          10          16   6.93182051E-02
          11          16   6.67604879E-02
          12          16   6.41693771E-02
          13          16   6.31385446E-02
          14          16   6.18471317E-02
          15          16   6.14363812E-02
          16          16   6.17793575E-02
          17          16   6.16314374E-02
          18          16   6.14356361E-02
          19          16   6.18739538E-02
          20          16   6.19777404E-02
           0          17   6.33326098E-02
           1          17   6.49371296E-02
           2          17   6.45044297E-02
           3          17   6.44076765E-02
           4          17   6.33770674E-02
           5          17   6.28892034E-02
           6          17   6.19866289E-02
           7          17   6.06636405E-02
           8          17   6.08358905E-02
           9          17   6.06476404E-02
          10          17   6.05292581E-02
          11          17   6.06002994E-02
          12          17   6.03065230E-02
          13          17   6.00153543E-02
          14          17   6.00023791E-02
          15          17   5.99873513E-02
          16          17   6.01870455E-02
          17          17   6.01265170E-02
          18          17   6.06881939E-02
          19          17   6.11191578E-02
          20          17   6.11957163E-02
           0          18   6.26302660E-02
           1          18   6.49494603E-02
           2          18   6.38114810E-02
           3          18   6.34111241E-02
           4          18   6.32780045E-02
           5          18   6.27096221E-02
           6          18   6.15171567E-02
           7          18   6.05381168E-02
           8          18   6.03654496E-02
           9          18   6.01320304E-02
          10          18   5.97762875E-02
          11          18   5.98345883E-02
          12          18   5.99153414E-02
          13          18   6.02555983E-02
          14          18   6.03388585E-02
          15          18   6.09769784E-02
          16          18   6.10949434E-02
          17          18   6.12802692E-02
          18          18   6.16699345E-02
          19          18   6.16734959E-02
          20          18   6.17918968E-02
           0          19   6.25507981E-02
           1          19   6.43639788E-02
           2          19   6.32588863E-02
           3          19   6.28120154E-02
           4          19   6.25219271E-02
           5          19   6.21539913E-02
           6          19   6.13750778E-02
           7          19   6.10708334E-02
           8          19   6.09670281E-02
           9          19   5.99522144E-02
          10          19   5.95238283E-02
          11          19   5.91446571E-02
          12          19   5.89752197E-02
          13          19   5.85400499E-02
          14          19   5.86514138E-02
          15          19   5.88764064E-02
          16          19   5.85615635E-02
          17          19   5.72564267E-02
          18          19   5.93584031E-02
          19          19   5.91623783E-02
          20          19   5.89330681E-02
           0          20   6.14897013E-02
           1          20   6.23784438E-02
           2          20   6.21053390E-02
           3          20   6.15331642E-02
           4          20   6.10015243E-02
           5          20   6.04634210E-02
           6          20   5.99043183E-02
           7          20   5.94064184E-02
           8          20   5.89451566E-02
           9          20   5.86045980E-02
          10          20   5.82761131E-02
          11          20   5.80452718E-02
          12          20   5.79177067E-02
          13          20   5.75207919E-02
          14          20   5.74301817E-02
          15          20   5.76131158E-02
          16          20   5.69422282E-02
          17          20   5.78858182E-02
          18          20   5.78524917E-02
          19          20   5.82942925E-02
          20          20   5.83628379E-02
