           1           0   9.14481580E-02
           2           0   9.19013023E-02
           3           0   9.13317204E-02
           4           0   9.17492211E-02
           5           0   9.14486647E-02
           6           0   9.19523239E-02
           7           0   9.23351645E-02
           8           0   9.29074585E-02
           9           0   9.35087502E-02
          10           0   9.46415961E-02
          11           0   9.57162976E-02
          12           0   9.74011123E-02
          13           0   9.88770127E-02
          14           0  0.101161212    
          15           0  0.103772789    
          16           0  0.105650574    
          17           0  0.108619601    
          18           0  0.111458242    
          19           0  0.115130901    
          20           0  0.119457394    
          20           1  0.120764554    
          19           1  0.125269741    
          18           1  0.128040284    
          17           1  0.127948225    
          16           1  0.127573520    
          15           1  0.126219213    
          14           1  0.124674261    
          13           1  0.123493075    
          12           1  0.121640533    
          11           1  0.120679587    
          10           1  0.120058209    
           9           1  0.119103163    
           8           1  0.118822873    
           7           1  0.118508160    
           6           1  0.118374854    
           5           1  0.117857993    
           4           1  0.117520124    
           3           1  0.116973490    
           2           1  0.115945607    
           1           1  0.115367711    
           0           1  0.114800096    
           0           2  0.115080863    
           1           2  0.115120649    
           2           2  0.114416301    
           3           2  0.113604754    
           4           2  0.113544971    
           5           2  0.112896264    
           6           2  0.112045407    
           7           2  0.112593532    
           8           2  0.112545431    
           9           2  0.112548858    
          10           2  0.112821281    
          11           2  0.113387972    
          12           2  0.114786416    
          13           2  0.115731746    
          14           2  0.116885096    
          15           2  0.118890971    
          16           2  0.120039433    
          17           2  0.122069985    
          18           2  0.123053163    
          19           2  0.124591231    
          20           2  0.126359612    
          20           3  0.125560969    
          19           3  0.128411382    
          18           3  0.129297405    
          17           3  0.128747284    
          16           3  0.127486557    
          15           3  0.125525653    
          14           3  0.123605907    
          13           3  0.121867090    
          12           3  0.120296746    
          11           3  0.119215429    
          10           3  0.118494987    
           9           3  0.117487609    
           8           3  0.117265016    
           7           3  0.116038859    
           6           3  0.115394354    
           5           3  0.115309358    
           4           3  0.114831835    
           3           3  0.113913625    
           2           3  0.112701923    
           1           3  0.111774415    
           0           3  0.110752434    
           0           4  0.110388637    
           1           4  0.110056847    
           2           4  0.109245807    
           3           4  0.108734816    
           4           4  0.108001411    
           5           4  0.107021660    
           6           4  0.105894685    
           7           4  0.104482055    
           8           4  0.103716671    
           9           4  0.104214966    
          10           4  0.104561418    
          11           4  0.105322182    
          12           4  0.106772870    
          13           4  0.107118577    
          14           4  0.107743114    
          15           4  0.108926952    
          16           4  0.110849589    
          17           4  0.112536162    
          18           4  0.114822090    
          19           4  0.117194414    
          20           4  0.119481564    
          20           5  0.118301123    
          19           5  0.122762144    
          18           5  0.123711586    
          17           5  0.123584658    
          16           5  0.122256249    
          15           5  0.120551169    
          14           5  0.118470073    
          13           5  0.116054296    
          12           5  0.114594996    
          11           5  0.115196556    
          10           5  0.116764963    
           9           5  0.118048429    
           8           5  0.118088245    
           7           5  0.116034716    
           6           5  0.114149213    
           5           5  0.112759024    
           4           5  0.111311018    
           3           5  0.111639172    
           2           5  0.111827403    
           1           5  0.111946285    
           0           5  0.111478537    
           0           6  0.111146241    
           1           6  0.111308336    
           2           6  0.111447752    
           3           6  0.111027330    
           4           6  0.110715330    
           5           6  0.110021472    
           6           6  0.108632296    
           7           6  0.109234840    
           8           6  0.117188066    
           9           6  0.125170827    
          10           6  0.130685121    
          11           6  0.132913142    
          12           6  0.130094290    
          13           6  0.124382526    
          14           6  0.119823873    
          15           6  0.115075946    
          16           6  0.113148212    
          17           6  0.114124805    
          18           6  0.115879446    
          19           6  0.119076788    
          20           6  0.121900052    
          20           7  0.120843172    
          19           7  0.123211354    
          18           7  0.124560773    
          17           7  0.123809755    
          16           7  0.121950358    
          15           7  0.119434923    
          14           7  0.116739094    
          13           7  0.118456900    
          12           7  0.131387025    
          11           7  0.147651196    
          10           7  0.156944752    
           9           7  0.159779310    
           8           7  0.157976568    
           7           7  0.151586294    
           6           7  0.138246000    
           5           7  0.122650325    
           4           7  0.103126585    
           3           7   9.28334296E-02
           2           7   8.74056518E-02
           1           7   8.69954824E-02
           0           7   8.81754160E-02
           0           8   9.09776986E-02
           1           8   9.33273733E-02
           2           8   9.25245881E-02
           3           8   9.26488936E-02
           4           8   9.25563574E-02
           5           8   9.23520029E-02
           6           8  0.102757156    
           7           8  0.133886814    
           8           8  0.162813753    
           9           8  0.169515520    
          10           8  0.167828292    
          11           8  0.163685381    
          12           8  0.157164276    
          13           8  0.147483706    
          14           8  0.136713058    
          15           8  0.124925226    
          16           8  0.111454308    
          17           8  0.101010323    
          18           8   9.42687988E-02
          19           8   9.19320583E-02
          20           8   9.31386352E-02
          20           9   9.79057848E-02
          19           9   9.74228680E-02
          18           9   9.93347764E-02
          17           9  0.101363629    
          16           9  0.101508647    
          15           9  0.103239834    
          14           9  0.117079914    
          13           9  0.149545014    
          12           9  0.175672114    
          11           9  0.184908330    
          10           9  0.190460443    
           9           9  0.186819047    
           8           9  0.185611188    
           7           9  0.178211987    
           6           9  0.164012253    
           5           9  0.146117926    
           4           9  0.123860329    
           3           9  0.104186386    
           2           9   8.90936553E-02
           1           9   7.92990625E-02
           0           9   8.19917321E-02
           0          10   8.78167748E-02
           1          10   9.18544233E-02
           2          10   9.14752781E-02
           3          10   9.15497243E-02
           4          10   9.23788548E-02
           5          10   9.43368673E-02
           6          10  0.112183601    
           7          10  0.154143959    
           8          10  0.186641067    
           9          10  0.184084833    
          10          10  0.181785226    
          11          10  0.176969707    
          12          10  0.171319544    
          13          10  0.161729515    
          14          10  0.151864111    
          15          10  0.140719175    
          16          10  0.127997100    
          17          10  0.112881839    
          18          10  0.104690373    
          19          10   9.86841321E-02
          20          10   9.60683525E-02
          20          11  0.103245467    
          19          11   9.77197587E-02
          18          11   9.92136896E-02
          17          11  0.102620453    
          16          11  0.105110973    
          15          11  0.114591360    
          14          11  0.138657629    
          13          11  0.167218119    
          12          11  0.184534311    
          11          11  0.190029025    
          10          11  0.190095186    
           9          11  0.188672811    
           8          11  0.185561657    
           7          11  0.177698016    
           6          11  0.163667500    
           5          11  0.146753013    
           4          11  0.122128069    
           3          11  0.105370522    
           2          11   9.32719111E-02
           1          11   8.86835158E-02
           0          11   8.92262161E-02
           0          12   9.43730175E-02
           1          12   9.79363322E-02
           2          12   9.65056121E-02
           3          12   9.61548090E-02
           4          12   9.66865420E-02
           5          12   9.73073840E-02
           6          12  0.107660353    
           7          12  0.140645206    
           8          12  0.170476735    
           9          12  0.180462271    
          10          12  0.181664824    
          11          12  0.177813768    
          12          12  0.172394514    
          13          12  0.159075618    
          14          12  0.148810387    
          15          12  0.138982356    
          16          12  0.128106654    
          17          12  0.119073629    
          18          12  0.112092733    
          19          12  0.107467711    
          20          12  0.105769426    
          20          13  0.111758798    
          19          13  0.106724769    
          18          13  0.109093219    
          17          13  0.111597419    
          16          13  0.114199013    
          15          13  0.118666619    
          14          13  0.132142633    
          13          13  0.153772354    
          12          13  0.171481669    
          11          13  0.180921942    
          10          13  0.185828030    
           9          13  0.180837274    
           8          13  0.175077379    
           7          13  0.166715205    
           6          13  0.153534591    
           5          13  0.138520122    
           4          13  0.119930565    
           3          13  0.103863180    
           2          13   9.34706926E-02
           1          13   8.93284976E-02
           0          13   9.01168287E-02
           0          14   9.30666029E-02
           1          14   9.72349048E-02
           2          14   9.65407491E-02
           3          14   9.60798562E-02
           4          14   9.55136716E-02
           5          14   9.50663984E-02
           6          14   9.72712338E-02
           7          14  0.112269312    
           8          14  0.139982611    
           9          14  0.163942695    
          10          14  0.166077524    
          11          14  0.163481504    
          12          14  0.156061947    
          13          14  0.145886242    
          14          14  0.135432482    
          15          14  0.127343029    
          16          14  0.118807018    
          17          14  0.112339079    
          18          14  0.106530696    
          19          14  0.106054366    
          20          14  0.106531650    
          20          15  0.110384732    
          19          15  0.109684765    
          18          15  0.111661375    
          17          15  0.113638699    
          16          15  0.114715368    
          15          15  0.115883350    
          14          15  0.119030625    
          13          15  0.130427539    
          12          15  0.143401325    
          11          15  0.153354168    
          10          15  0.158200145    
           9          15  0.157409877    
           8          15  0.151954949    
           7          15  0.142839611    
           6          15  0.129728079    
           5          15  0.116174638    
           4          15   9.98472273E-02
           3          15   9.37179923E-02
           2          15   9.19813812E-02
           1          15   9.33930278E-02
           0          15   9.52858925E-02
           0          16   9.71242785E-02
           1          16   9.77649093E-02
           2          16   9.71001387E-02
           3          16   9.63867307E-02
           4          16   9.58105624E-02
           5          16   9.49530900E-02
           6          16   9.46098864E-02
           7          16   9.60395634E-02
           8          16  0.102878273    
           9          16  0.116018385    
          10          16  0.127598882    
          11          16  0.131947070    
          12          16  0.129545450    
          13          16  0.123694062    
          14          16  0.116523504    
          15          16  0.110251933    
          16          16  0.106078744    
          17          16  0.103619009    
          18          16  0.103069216    
          19          16  0.103361696    
          20          16  0.105285048    
          20          17  0.106339753    
          19          17  0.107964784    
          18          17  0.134170502    
          17          17  0.107327342    
          16          17  0.110118151    
          15          17  0.111237764    
          14          17  0.111480474    
          13          17  0.112207294    
          12          17  0.114668250    
          11          17  0.118927836    
          10          17  0.122530669    
           9          17  0.122683764    
           8          17  0.118394405    
           7          17  0.110939920    
           6          17  0.103640735    
           5          17   9.88689363E-02
           4          17   9.71076787E-02
           3          17   9.73022580E-02
           2          17   9.85730290E-02
           1          17   9.89038646E-02
           0          17   9.90508199E-02
           0          18   9.78730619E-02
           1          18   9.78110731E-02
           2          18   9.70427394E-02
           3          18   9.67238843E-02
           4          18   9.63364244E-02
           5          18   9.56086516E-02
           6          18   9.45835114E-02
           7          18   9.40917730E-02
           8          18   9.45751965E-02
           9          18   9.54536200E-02
          10          18   9.74724293E-02
          11          18   9.99614894E-02
          12          18  0.101963699    
          13          18  0.102490813    
          14          18  0.102030635    
          15          18  0.101749361    
          16          18  0.101547211    
          17          18  0.101823092    
          18          18  0.102263778    
          19          18  0.103307962    
          20          18  0.104616851    
          20          19  0.103945434    
          19          19  0.105796039    
          18          19  0.108066618    
          17          19  0.109448463    
          16          19  0.110011935    
          15          19  0.109846413    
          14          19  0.109178454    
          13          19  0.108315378    
          12          19  0.106984288    
          11          19  0.107157648    
          10          19  0.106480628    
           9          19  0.104974031    
           8          19  0.102113605    
           7          19   9.94492769E-02
           6          19   9.73540246E-02
           5          19   9.62846875E-02
           4          19   9.60188210E-02
           3          19   9.60737467E-02
           2          19   9.65700746E-02
           1          19   9.60234404E-02
           0          19   9.59982872E-02
           0          20   9.51708853E-02
           1          20   9.46127474E-02
           2          20   9.43368971E-02
           3          20   9.42492485E-02
           4          20   9.37170088E-02
           5          20   9.35116708E-02
           6          20   9.25668478E-02
           7          20   9.26378965E-02
           8          20   9.29098725E-02
           9          20   9.31879580E-02
          10          20   9.36811268E-02
          11          20   9.42714512E-02
          12          20   9.47832167E-02
          13          20   9.58237350E-02
          14          20   9.70649719E-02
          15          20   9.86253023E-02
          16          20   9.99236405E-02
          17          20  0.101794273    
          18          20  0.102948099    
          19          20  0.104587287    
          20          20  0.106259435    
