           1           0   9.36512426E-02
           2           0   9.53662172E-02
           3           0   9.16521028E-02
           4           0   9.36594382E-02
           5           0   9.16790739E-02
           6           0   9.41398516E-02
           7           0   9.55070332E-02
           8           0   9.75756124E-02
           9           0   9.94151607E-02
          10           0  0.103602685    
          11           0  0.106735952    
          12           0  0.112405092    
          13           0  0.116033673    
          14           0  0.123165518    
          15           0  0.130722344    
          16           0  0.133373708    
          17           0  0.141288012    
          18           0  0.147314191    
          19           0  0.156713530    
          20           0  0.167950347    
          20           1  0.162362859    
          19           1  0.174489275    
          18           1  0.176037207    
          17           1  0.163577601    
          16           1  0.152796626    
          15           1  0.139719367    
          14           1  0.128619641    
          13           1  0.121727407    
          12           1  0.112906069    
          11           1  0.110284954    
          10           1  0.109776825    
           9           1  0.107571758    
           8           1  0.109053232    
           7           1  0.109922111    
           6           1  0.111402094    
           5           1  0.110560924    
           4           1  0.110695928    
           3           1  0.109668642    
           2           1  0.106355526    
           1           1  0.105863638    
           0           1  0.105401553    
           0           2  0.109155007    
           1           2  0.110835403    
           2           2  0.108385064    
           3           2  0.105835028    
           4           2  0.107478477    
           5           2  0.105751581    
           6           2  0.103283502    
           7           2  0.108214594    
           8           2  0.109068878    
           9           2  0.109955043    
          10           2  0.111965656    
          11           2  0.115013093    
          12           2  0.121598959    
          13           2  0.124622554    
          14           2  0.128166646    
          15           2  0.135375530    
          16           2  0.136996776    
          17           2  0.142910153    
          18           2  0.142616004    
          19           2  0.145415634    
          20           2  0.149051517    
          20           3  0.139385283    
          19           3  0.150181323    
          18           3  0.149168938    
          17           3  0.141450435    
          16           3  0.131970912    
          15           3  0.121045232    
          14           3  0.112566620    
          13           3  0.106632538    
          12           3  0.102589406    
          11           3  0.101609655    
          10           3  0.102408953    
           9           3  0.101393588    
           8           3  0.104303934    
           7           3  0.101413555    
           6           3  0.101847328    
           5           3  0.104809232    
           4           3  0.105046608    
           3           3  0.102901734    
           2           3   9.95963588E-02
           1           3   9.82351378E-02
           0           3   9.65100303E-02
           0           4   9.82516780E-02
           1           4   9.96270552E-02
           2           4   9.81792584E-02
           3           4   9.83908549E-02
           4           4   9.73099247E-02
           5           4   9.50838402E-02
           6           4   9.24335197E-02
           7           4   8.87356475E-02
           8           4   8.88453200E-02
           9           4   9.50546339E-02
          10           4   9.90769044E-02
          11           4  0.104251929    
          12           4  0.111772835    
          13           4  0.112251461    
          14           4  0.114090860    
          15           4  0.118423223    
          16           4  0.125662357    
          17           4  0.130391836    
          18           4  0.137357682    
          19           4  0.143585473    
          20           4  0.148423433    
          20           5  0.135285676    
          19           5  0.153344691    
          18           5  0.150446266    
          17           5  0.143128008    
          16           5  0.131600171    
          15           5  0.120738715    
          14           5  0.110286295    
          13           5  0.100253351    
          12           5   9.69071463E-02
          11           5  0.104337014    
          10           5  0.114893883    
           9           5  0.121778965    
           8           5  0.121045381    
           7           5  0.110038489    
           6           5  0.102110036    
           5           5   9.81688276E-02
           4           5   9.45764557E-02
           3           5  0.100400724    
           2           5  0.104151495    
           1           5  0.106665023    
           0           5  0.105646379    
           0           6  0.105442978    
           1           6  0.107679345    
           2           6  0.109283604    
           3           6  0.107722558    
           4           6  0.106988676    
           5           6  0.104451008    
           6           6   9.88977924E-02
           7           6  0.104344167    
           8           6  0.145333081    
           9           6  0.178210542    
          10           6  0.192522064    
          11           6  0.188202962    
          12           6  0.160286233    
          13           6  0.124179393    
          14           6  0.101436950    
          15           6   8.22941735E-02
          16           6   8.08508471E-02
          17           6   9.38080028E-02
          18           6  0.107660569    
          19           6  0.125701994    
          20           6  0.138162047    
          20           7  0.128812015    
          19           7  0.138660789    
          18           7  0.141545504    
          17           7  0.133544326    
          16           7  0.121813685    
          15           7  0.109270640    
          14           7   9.83325914E-02
          13           7  0.111523241    
          12           7  0.177907303    
          11           7  0.247598082    
          10           7  0.269079149    
           9           7  0.255218089    
           8           7  0.222344637    
           7           7  0.174301222    
           6           7  0.101921238    
           5           7   3.30239460E-02
           4           7  -4.21881564E-02
           3           7  -5.73251992E-02
           2           7  -4.69244905E-02
           1           7  -1.53927468E-02
           0           7   1.61039792E-02
           0           8   4.81332727E-02
           1           8   7.05927461E-02
           2           8   7.22624213E-02
           3           8   7.79495984E-02
           4           8   8.11615363E-02
           5           8   8.29885677E-02
           6           8  0.137355298    
           7           8  0.284353882    
           8           8  0.391371906    
           9           8  0.367741048    
          10           8  0.309748590    
          11           8  0.253553927    
          12           8  0.198481336    
          13           8  0.139749020    
          14           8   8.78295079E-02
          15           8   4.11113985E-02
          16           8  -5.28961280E-03
          17           8  -2.83235237E-02
          18           8  -2.96978578E-02
          19           8  -1.03898318E-02
          20           8   2.12235693E-02
          20           9   6.30380064E-02
          19           9   6.93404526E-02
          18           9   8.59205201E-02
          17           9   9.94184390E-02
          16           9  0.100629754    
          15           9  0.109505475    
          14           9  0.177139446    
          13           9  0.324450046    
          12           9  0.411359131    
          11           9  0.398618639    
          10           9  0.372951537    
           9           9  0.309121847    
           8           9  0.272507012    
           7           9  0.213786915    
           6           9  0.133894652    
           5           9   5.19522913E-02
           4           9  -3.57943699E-02
           3           9  -9.42504182E-02
           2           9 -0.120104820    
           1           9 -0.116778135    
           0           9  -5.42954989E-02
           0          10   8.90150480E-03
           1          10   4.88185771E-02
           2          10   5.76817840E-02
           3          10   6.65023774E-02
           4          10   7.69099444E-02
           5          10   9.05672982E-02
           6          10  0.180743292    
           7          10  0.373405129    
           8          10  0.481075227    
           9          10  0.394685626    
          10          10  0.330537468    
          11          10  0.269271672    
          12          10  0.217945531    
          13          10  0.158338800    
          14          10  0.109859675    
          15          10   6.46361560E-02
          16          10   2.00465266E-02
          17          10  -2.85422727E-02
          18          10  -3.41436192E-02
          19          10  -2.94662938E-02
          20          10  -1.05074020E-02
          20          11   5.20220287E-02
          19          11   3.71994004E-02
          18          11   5.97990900E-02
          17          11   8.66865888E-02
          16          11  0.103122719    
          15          11  0.151021600    
          14          11  0.262245476    
          13          11  0.374150783    
          12          11  0.408998638    
          11          11  0.380356222    
          10          11  0.333104938    
           9          11  0.290240884    
           8          11  0.249293089    
           7          11  0.194041982    
           6          11  0.119803518    
           5          11   4.61968668E-02
           4          11  -5.17886765E-02
           3          11  -9.20972005E-02
           2          11 -0.103223301    
           1          11  -7.70415217E-02
           0          11  -3.28966901E-02
           0          12   2.33679954E-02
           1          12   5.89358658E-02
           2          12   6.15323931E-02
           3          12   6.85216337E-02
           4          12   7.80886263E-02
           5          12   8.58422890E-02
           6          12  0.140473366    
           7          12  0.297194362    
           8          12  0.407214671    
           9          12  0.397957921    
          10          12  0.349596947    
          11          12  0.288358271    
          12          12  0.233626008    
          13          12  0.151723891    
          14          12  0.102235653    
          15          12   6.47389740E-02
          16          12   2.89213583E-02
          17          12   8.55266862E-03
          18          12   1.27851928E-03
          19          12   5.85675100E-03
          20          12   2.27682237E-02
          20          13   7.34653920E-02
          19          13   5.78684956E-02
          18          13   8.19247738E-02
          17          13  0.101237871    
          16          13  0.116835803    
          15          13  0.138514608    
          14          13  0.200932726    
          13          13  0.291883588    
          12          13  0.345902503    
          11          13  0.349498600    
          10          13  0.331884831    
           9          13  0.270416677    
           8          13  0.219222546    
           7          13  0.166375592    
           6          13  0.100557186    
           5          13   3.87293026E-02
           4          13  -2.92706415E-02
           3          13  -7.23072737E-02
           2          13  -8.02272335E-02
           1          13  -5.75135499E-02
           0          13  -1.68614052E-02
           0          14   2.46320609E-02
           1          14   6.25820309E-02
           2          14   6.77746385E-02
           3          14   7.26614743E-02
           4          14   7.56852180E-02
           5          14   7.84060135E-02
           6          14   9.35953632E-02
           7          14  0.169504687    
           8          14  0.293762177    
           9          14  0.375117719    
          10          14  0.332998097    
          11          14  0.278287768    
          12          14  0.212488428    
          13          14  0.147503585    
          14          14   9.48303714E-02
          15          14   6.45336360E-02
          16          14   3.75559852E-02
          17          14   2.55289618E-02
          18          14   1.81895457E-02
          19          14   3.78931984E-02
          20          14   5.73199838E-02
          20          15   8.88883844E-02
          19          15   9.07625034E-02
          18          15  0.105376221    
          17          15  0.116834015    
          16          15  0.121418655    
          15          15  0.125582635    
          14          15  0.138894290    
          13          15  0.190912887    
          12          15  0.240660399    
          11          15  0.266109943    
          10          15  0.262151003    
           9          15  0.232211888    
           8          15  0.186236754    
           7          15  0.132089525    
           6          15   6.92194551E-02
           5          15   1.65793262E-02
           4          15  -4.01589163E-02
           3          15  -3.58034596E-02
           2          15  -1.21061476E-02
           1          15   2.09739748E-02
           0          15   4.85429056E-02
           0          16   6.94207698E-02
           1          16   7.95496777E-02
           2          16   8.07796195E-02
           3          16   8.12926665E-02
           4          16   8.21853951E-02
           5          16   8.13042894E-02
           6          16   8.30004886E-02
           7          16   9.30511728E-02
           8          16  0.127991855    
           9          16  0.187413946    
          10          16  0.227467656    
          11          16  0.224241406    
          12          16  0.189159617    
          13          16  0.144999146    
          14          16  0.103820093    
          15          16   7.56382793E-02
          16          16   6.34257346E-02
          17          16   6.17903322E-02
          18          16   6.94984049E-02
          19          16   7.93535784E-02
          20          16   9.49723795E-02
          20          17  0.102824099    
          19          17  0.111828119    
          18          17  0.241890788    
          17          17   8.07450488E-02
          16          17  0.101344563    
          15          17  0.109136082    
          14          17  0.110875040    
          13          17  0.114660531    
          12          17  0.126351982    
          11          17  0.144728988    
          10          17  0.156292871    
           9          17  0.148617744    
           8          17  0.120687455    
           7          17   8.28417912E-02
           6          17   5.33704348E-02
           5          17   4.20789309E-02
           4          17   4.74703200E-02
           3          17   6.08524531E-02
           2          17   7.63188154E-02
           1          17   8.35364833E-02
           0          17   8.81130770E-02
           0          18   8.49587992E-02
           1          18   8.78773406E-02
           2          18   8.65192488E-02
           3          18   8.75557736E-02
           4          18   8.79104212E-02
           5          18   8.63779858E-02
           6          18   8.35600272E-02
           7          18   8.38571563E-02
           8          18   8.88329521E-02
           9          18   9.46606472E-02
          10          18  0.104952879    
          11          18  0.115528226    
          12          18  0.121647537    
          13          18  0.119362146    
          14          18  0.112843335    
          15          18  0.108733900    
          16          18  0.105976887    
          17          18  0.106248982    
          18          18  0.107345857    
          19          18  0.111296296    
          20          18  0.115843683    
          20          19  0.109679818    
          19          19  0.117499352    
          18          19  0.125926256    
          17          19  0.128370643    
          16          19  0.126457483    
          15          19  0.121518344    
          14          19  0.115260601    
          13          19  0.109424710    
          12          19  0.102491952    
          11          19  0.104481854    
          10          19  0.101765670    
           9          19   9.54113677E-02
           8          19   8.34999755E-02
           7          19   7.48316795E-02
           6          19   7.05098957E-02
           5          19   7.18742460E-02
           4          19   7.66473860E-02
           3          19   8.17648843E-02
           2          19   8.78238454E-02
           1          19   8.72771218E-02
           0          19   8.93381014E-02
           0          20   8.68659988E-02
           1          20   8.61516371E-02
           2          20   8.68876055E-02
           3          20   8.83117095E-02
           4          20   8.71348158E-02
           5          20   8.77538100E-02
           6          20   8.44691470E-02
           7          20   8.68487135E-02
           8          20   8.96559432E-02
           9          20   9.18598250E-02
          10          20   9.46576670E-02
          11          20   9.73652080E-02
          12          20   9.91505161E-02
          13          20  0.103261299    
          14          20  0.107608117    
          15          20  0.112774044    
          16          20  0.115728498    
          17          20  0.121130466    
          18          20  0.122065514    
          19          20  0.125482202    
          20          20  0.128619194    
