           0           0  0.0000000E+00
           0         100  0.0000000E+00
           0         200  0.0000000E+00
           0         300  0.0000000E+00
           0         400  0.0000000E+00
           0         500  0.0000000E+00
           0         600  0.0000000E+00
           0         700  0.0000000E+00
           0         800  0.0000000E+00
           0         900  0.0000000E+00
           0        1000  0.0000000E+00
           0        1100  0.0000000E+00
           0        1200  0.0000000E+00
           0        1300  0.0000000E+00
           0        1400  0.0000000E+00
           0        1500  0.0000000E+00
           0        1600  0.0000000E+00
           0        1700  0.0000000E+00
           0        1800  0.0000000E+00
           0        1900  0.0000000E+00
           0        2000  0.0000000E+00
         100           0  0.0000000E+00
         100         100  0.0000000E+00
         100         200  0.0000000E+00
         100         300  0.0000000E+00
         100         400  0.0000000E+00
         100         500  0.0000000E+00
         100         600  1.1969475E-12
         100         700  2.6070864E-11
         100         800  2.0545189E-10
         100         900  5.8891930E-10
         100        1000  7.7574941E-10
         100        1100  5.8891930E-10
         100        1200  2.0545188E-10
         100        1300  2.6070864E-11
         100        1400  1.1969475E-12
         100        1500  0.0000000E+00
         100        1600  0.0000000E+00
         100        1700  0.0000000E+00
         100        1800  0.0000000E+00
         100        1900  0.0000000E+00
         100        2000  0.0000000E+00
         200           0  0.0000000E+00
         200         100  0.0000000E+00
         200         200  0.0000000E+00
         200         300  0.0000000E+00
         200         400  1.4505334E-13
         200         500  1.8563517E-11
         200         600  7.9909074E-10
         200         700  1.4449925E-08
         200         800  1.0254164E-07
         200         900  2.7960695E-07
         200        1000  3.6370378E-07
         200        1100  2.7960698E-07
         200        1200  1.0254164E-07
         200        1300  1.4449927E-08
         200        1400  7.9909085E-10
         200        1500  1.8563517E-11
         200        1600  1.4505334E-13
         200        1700  0.0000000E+00
         200        1800  0.0000000E+00
         200        1900  0.0000000E+00
         200        2000  0.0000000E+00
         300           0  0.0000000E+00
         300         100  0.0000000E+00
         300         200  0.0000000E+00
         300         300  3.3394847E-13
         300         400  7.6245496E-11
         300         500  6.4102470E-09
         300         600  2.2247252E-07
         300         700  3.2965490E-06
         300         800  2.0368650E-05
         300         900  5.1851028E-05
         300        1000  6.6245899E-05
         300        1100  5.1851028E-05
         300        1200  2.0368650E-05
         300        1300  3.2965490E-06
         300        1400  2.2247255E-07
         300        1500  6.4102470E-09
         300        1600  7.6245496E-11
         300        1700  3.3394847E-13
         300        1800  0.0000000E+00
         300        1900  0.0000000E+00
         300        2000  0.0000000E+00
         400           0  0.0000000E+00
         400         100  0.0000000E+00
         400         200  1.4505334E-13
         400         300  7.6245496E-11
         400         400  1.3243882E-08
         400         500  9.0904086E-07
         400         600  2.4653507E-05
         400         700  2.8307905E-04
         400         800  1.4429594E-03
         400         900  3.3238574E-03
         400        1000  4.1340031E-03
         400        1100  3.3238574E-03
         400        1200  1.4429595E-03
         400        1300  2.8307908E-04
         400        1400  2.4653509E-05
         400        1500  9.0904086E-07
         400        1600  1.3243882E-08
         400        1700  7.6245496E-11
         400        1800  1.4505334E-13
         400        1900  0.0000000E+00
         400        2000  0.0000000E+00
         500           0  0.0000000E+00
         500         100  0.0000000E+00
         500         200  1.8563517E-11
         500         300  6.4102470E-09
         500         400  9.0904086E-07
         500         500  4.9532893E-05
         500         600  1.0158229E-03
         500         700  8.4992377E-03
         500         800  3.3133969E-02
         500         900  6.5725513E-02
         500        1000  7.8436151E-02
         500        1100  6.5725513E-02
         500        1200  3.3133972E-02
         500        1300  8.4992377E-03
         500        1400  1.0158229E-03
         500        1500  4.9532893E-05
         500        1600  9.0904086E-07
         500        1700  6.4102470E-09
         500        1800  1.8563519E-11
         500        1900  0.0000000E+00
         500        2000  0.0000000E+00
         600           0  0.0000000E+00
         600         100  1.1969475E-12
         600         200  7.9909085E-10
         600         300  2.2247254E-07
         600         400  2.4653509E-05
         600         500  1.0158230E-03
         600         600  1.5127178E-02
         600         700  8.7686017E-02
         600         800  0.2416904    
         600         900  0.3877730    
         600        1000  0.4356946    
         600        1100  0.3877730    
         600        1200  0.2416904    
         600        1300  8.7686017E-02
         600        1400  1.5127179E-02
         600        1500  1.0158230E-03
         600        1600  2.4653509E-05
         600        1700  2.2247255E-07
         600        1800  7.9909085E-10
         600        1900  1.1969509E-12
         600        2000  0.0000000E+00
         700           0  0.0000000E+00
         700         100  2.6070862E-11
         700         200  1.4449925E-08
         700         300  3.2965490E-06
         700         400  2.8307905E-04
         700         500  8.4992377E-03
         700         600  8.7686017E-02
         700         700  0.3420995    
         700         800  0.6494237    
         700         900  0.8211735    
         700        1000  0.8624768    
         700        1100  0.8211735    
         700        1200  0.6494237    
         700        1300  0.3420995    
         700        1400  8.7686017E-02
         700        1500  8.4992377E-03
         700        1600  2.8307905E-04
         700        1700  3.2965488E-06
         700        1800  1.4449925E-08
         700        1900  2.6071012E-11
         700        2000  0.0000000E+00
         800           0  0.0000000E+00
         800         100  2.0545189E-10
         800         200  1.0254163E-07
         800         300  2.0368650E-05
         800         400  1.4429595E-03
         800         500  3.3133972E-02
         800         600  0.2416904    
         800         700  0.6494237    
         800         800  0.9108820    
         800         900  0.9802017    
         800        1000  0.9896377    
         800        1100  0.9802017    
         800        1200  0.9108821    
         800        1300  0.6494237    
         800        1400  0.2416904    
         800        1500  3.3133972E-02
         800        1600  1.4429595E-03
         800        1700  2.0368650E-05
         800        1800  1.0254164E-07
         800        1900  2.0545352E-10
         800        2000  0.0000000E+00
         900           0  0.0000000E+00
         900         100  5.8891930E-10
         900         200  2.7960692E-07
         900         300  5.1851028E-05
         900         400  3.3238574E-03
         900         500  6.5725513E-02
         900         600  0.3877730    
         900         700  0.8211735    
         900         800  0.9802016    
         900         900  0.9987879    
         900        1000  0.9997506    
         900        1100  0.9987879    
         900        1200  0.9802017    
         900        1300  0.8211735    
         900        1400  0.3877730    
         900        1500  6.5725513E-02
         900        1600  3.3238574E-03
         900        1700  5.1851028E-05
         900        1800  2.7960698E-07
         900        1900  5.8892446E-10
         900        2000  0.0000000E+00
        1000           0  0.0000000E+00
        1000         100  7.7574941E-10
        1000         200  3.6370380E-07
        1000         300  6.6245899E-05
        1000         400  4.1340035E-03
        1000         500  7.8436151E-02
        1000         600  0.4356946    
        1000         700  0.8624767    
        1000         800  0.9896377    
        1000         900  0.9997506    
        1000        1000   1.000000    
        1000        1100  0.9997505    
        1000        1200  0.9896377    
        1000        1300  0.8624766    
        1000        1400  0.4356946    
        1000        1500  7.8436151E-02
        1000        1600  4.1340035E-03
        1000        1700  6.6245899E-05
        1000        1800  3.6370378E-07
        1000        1900  7.7575640E-10
        1000        2000  0.0000000E+00
        1100           0  0.0000000E+00
        1100         100  5.8891930E-10
        1100         200  2.7960698E-07
        1100         300  5.1851031E-05
        1100         400  3.3238574E-03
        1100         500  6.5725513E-02
        1100         600  0.3877730    
        1100         700  0.8211735    
        1100         800  0.9802017    
        1100         900  0.9987879    
        1100        1000  0.9997506    
        1100        1100  0.9987879    
        1100        1200  0.9802017    
        1100        1300  0.8211735    
        1100        1400  0.3877730    
        1100        1500  6.5725513E-02
        1100        1600  3.3238574E-03
        1100        1700  5.1851028E-05
        1100        1800  2.7960695E-07
        1100        1900  5.8892446E-10
        1100        2000  0.0000000E+00
        1200           0  0.0000000E+00
        1200         100  2.0545189E-10
        1200         200  1.0254163E-07
        1200         300  2.0368650E-05
        1200         400  1.4429595E-03
        1200         500  3.3133969E-02
        1200         600  0.2416904    
        1200         700  0.6494237    
        1200         800  0.9108820    
        1200         900  0.9802017    
        1200        1000  0.9896377    
        1200        1100  0.9802018    
        1200        1200  0.9108820    
        1200        1300  0.6494237    
        1200        1400  0.2416904    
        1200        1500  3.3133972E-02
        1200        1600  1.4429595E-03
        1200        1700  2.0368650E-05
        1200        1800  1.0254164E-07
        1200        1900  2.0545352E-10
        1200        2000  0.0000000E+00
        1300           0  0.0000000E+00
        1300         100  2.6070864E-11
        1300         200  1.4449927E-08
        1300         300  3.2965490E-06
        1300         400  2.8307905E-04
        1300         500  8.4992377E-03
        1300         600  8.7686017E-02
        1300         700  0.3420995    
        1300         800  0.6494237    
        1300         900  0.8211735    
        1300        1000  0.8624768    
        1300        1100  0.8211735    
        1300        1200  0.6494237    
        1300        1300  0.3420995    
        1300        1400  8.7686017E-02
        1300        1500  8.4992377E-03
        1300        1600  2.8307905E-04
        1300        1700  3.2965490E-06
        1300        1800  1.4449925E-08
        1300        1900  2.6071017E-11
        1300        2000  0.0000000E+00
        1400           0  0.0000000E+00
        1400         100  1.1969475E-12
        1400         200  7.9909085E-10
        1400         300  2.2247252E-07
        1400         400  2.4653507E-05
        1400         500  1.0158229E-03
        1400         600  1.5127178E-02
        1400         700  8.7686017E-02
        1400         800  0.2416904    
        1400         900  0.3877730    
        1400        1000  0.4356946    
        1400        1100  0.3877730    
        1400        1200  0.2416904    
        1400        1300  8.7686017E-02
        1400        1400  1.5127179E-02
        1400        1500  1.0158229E-03
        1400        1600  2.4653509E-05
        1400        1700  2.2247252E-07
        1400        1800  7.9909090E-10
        1400        1900  1.1969509E-12
        1400        2000  0.0000000E+00
        1500           0  0.0000000E+00
        1500         100  0.0000000E+00
        1500         200  1.8563515E-11
        1500         300  6.4102470E-09
        1500         400  9.0904081E-07
        1500         500  4.9532893E-05
        1500         600  1.0158229E-03
        1500         700  8.4992377E-03
        1500         800  3.3133972E-02
        1500         900  6.5725513E-02
        1500        1000  7.8436151E-02
        1500        1100  6.5725513E-02
        1500        1200  3.3133972E-02
        1500        1300  8.4992377E-03
        1500        1400  1.0158229E-03
        1500        1500  4.9532890E-05
        1500        1600  9.0904086E-07
        1500        1700  6.4102470E-09
        1500        1800  1.8563517E-11
        1500        1900  0.0000000E+00
        1500        2000  0.0000000E+00
        1600           0  0.0000000E+00
        1600         100  0.0000000E+00
        1600         200  1.4505334E-13
        1600         300  7.6245489E-11
        1600         400  1.3243882E-08
        1600         500  9.0904081E-07
        1600         600  2.4653509E-05
        1600         700  2.8307905E-04
        1600         800  1.4429595E-03
        1600         900  3.3238577E-03
        1600        1000  4.1340035E-03
        1600        1100  3.3238574E-03
        1600        1200  1.4429595E-03
        1600        1300  2.8307905E-04
        1600        1400  2.4653509E-05
        1600        1500  9.0904081E-07
        1600        1600  1.3243882E-08
        1600        1700  7.6245496E-11
        1600        1800  1.4505334E-13
        1600        1900  0.0000000E+00
        1600        2000  0.0000000E+00
        1700           0  0.0000000E+00
        1700         100  0.0000000E+00
        1700         200  0.0000000E+00
        1700         300  3.3394845E-13
        1700         400  7.6245489E-11
        1700         500  6.4102470E-09
        1700         600  2.2247254E-07
        1700         700  3.2965488E-06
        1700         800  2.0368650E-05
        1700         900  5.1851031E-05
        1700        1000  6.6245899E-05
        1700        1100  5.1851031E-05
        1700        1200  2.0368650E-05
        1700        1300  3.2965488E-06
        1700        1400  2.2247252E-07
        1700        1500  6.4102470E-09
        1700        1600  7.6245489E-11
        1700        1700  3.3394845E-13
        1700        1800  0.0000000E+00
        1700        1900  0.0000000E+00
        1700        2000  0.0000000E+00
        1800           0  0.0000000E+00
        1800         100  0.0000000E+00
        1800         200  0.0000000E+00
        1800         300  0.0000000E+00
        1800         400  1.4505334E-13
        1800         500  1.8563519E-11
        1800         600  7.9909090E-10
        1800         700  1.4449927E-08
        1800         800  1.0254163E-07
        1800         900  2.7960698E-07
        1800        1000  3.6370378E-07
        1800        1100  2.7960692E-07
        1800        1200  1.0254163E-07
        1800        1300  1.4449927E-08
        1800        1400  7.9909090E-10
        1800        1500  1.8563517E-11
        1800        1600  1.4505334E-13
        1800        1700  0.0000000E+00
        1800        1800  0.0000000E+00
        1800        1900  0.0000000E+00
        1800        2000  0.0000000E+00
        1900           0  0.0000000E+00
        1900         100  0.0000000E+00
        1900         200  0.0000000E+00
        1900         300  0.0000000E+00
        1900         400  0.0000000E+00
        1900         500  0.0000000E+00
        1900         600  1.1969509E-12
        1900         700  2.6071013E-11
        1900         800  2.0545352E-10
        1900         900  5.8892458E-10
        1900        1000  7.7575629E-10
        1900        1100  5.8892446E-10
        1900        1200  2.0545352E-10
        1900        1300  2.6071013E-11
        1900        1400  1.1969509E-12
        1900        1500  0.0000000E+00
        1900        1600  0.0000000E+00
        1900        1700  0.0000000E+00
        1900        1800  0.0000000E+00
        1900        1900  0.0000000E+00
        1900        2000  0.0000000E+00
        2000           0  0.0000000E+00
        2000         100  0.0000000E+00
        2000         200  0.0000000E+00
        2000         300  0.0000000E+00
        2000         400  0.0000000E+00
        2000         500  0.0000000E+00
        2000         600  0.0000000E+00
        2000         700  0.0000000E+00
        2000         800  0.0000000E+00
        2000         900  0.0000000E+00
        2000        1000  0.0000000E+00
        2000        1100  0.0000000E+00
        2000        1200  0.0000000E+00
        2000        1300  0.0000000E+00
        2000        1400  0.0000000E+00
        2000        1500  0.0000000E+00
        2000        1600  0.0000000E+00
        2000        1700  0.0000000E+00
        2000        1800  0.0000000E+00
        2000        1900  0.0000000E+00
        2000        2000  0.0000000E+00
