           0           0 -0.356048584    
          50           0 -0.355072021    
         100           0 -0.354400635    
         150           0 -0.354034424    
         200           0 -0.353851318    
         250           0 -0.354156494    
         300           0 -0.354858398    
         350           0 -0.355987549    
         400           0 -0.357452393    
         450           0 -0.359100342    
         500           0 -0.360900879    
         550           0 -0.362701416    
         600           0 -0.364318848    
         650           0 -0.365783691    
         700           0 -0.367065430    
         750           0 -0.368072510    
         800           0 -0.368804932    
         850           0 -0.369323730    
         900           0 -0.369598389    
         950           0 -0.369720459    
        1000           0 -0.369689941    
        1050           0 -0.369506836    
        1100           0 -0.369293213    
        1150           0 -0.369018555    
        1200           0 -0.368774414    
        1250           0 -0.368560791    
        1300           0 -0.368408203    
        1350           0 -0.368530273    
        1400           0 -0.368652344    
        1450           0 -0.368927002    
        1500           0 -0.369384766    
        1550           0 -0.369964600    
        1600           0 -0.370635986    
        1650           0 -0.371276855    
        1700           0 -0.371856689    
        1750           0 -0.372283936    
        1800           0 -0.372467041    
        1850           0 -0.372375488    
        1900           0 -0.372070312    
        1950           0 -0.371643066    
        2000           0 -0.371063232    
        2050           0 -0.370422363    
        2100           0 -0.369720459    
        2150           0 -0.369018555    
        2200           0 -0.368255615    
           0          50 -0.410217285    
          50          50 -0.411163330    
         100          50 -0.411315918    
         150          50 -0.411010742    
         200          50 -0.410095215    
         250          50 -0.408599854    
         300          50 -0.406463623    
         350          50 -0.403717041    
         400          50 -0.400390625    
         450          50 -0.396667480    
         500          50 -0.392730713    
         550          50 -0.388854980    
         600          50 -0.385223389    
         650          50 -0.382049561    
         700          50 -0.379302979    
         750          50 -0.377014160    
         800          50 -0.375152588    
         850          50 -0.373687744    
         900          50 -0.372528076    
         950          50 -0.371643066    
        1000          50 -0.370971680    
        1050          50 -0.370483398    
        1100          50 -0.370086670    
        1150          50 -0.369812012    
        1200          50 -0.369537354    
        1250          50 -0.369293213    
        1300          50 -0.369049072    
        1350          50 -0.368774414    
        1400          50 -0.368469238    
        1450          50 -0.368072510    
        1500          50 -0.367645264    
        1550          50 -0.367126465    
        1600          50 -0.366577148    
        1650          50 -0.365966797    
        1700          50 -0.365356445    
        1750          50 -0.364837646    
        1800          50 -0.364440918    
        1850          50 -0.364227295    
        1900          50 -0.364288330    
        1950          50 -0.364532471    
        2000          50 -0.364959717    
        2050          50 -0.365509033    
        2100          50 -0.366149902    
        2150          50 -0.366821289    
        2200          50 -0.367523193    
           0         100 -0.409606934    
          50         100 -0.408996582    
         100         100 -0.408905029    
         150         100 -0.409484863    
         200         100 -0.410797119    
         250         100 -0.412780762    
         300         100 -0.415344238    
         350         100 -0.418273926    
         400         100 -0.421295166    
         450         100 -0.424194336    
         500         100 -0.426757812    
         550         100 -0.428771973    
         600         100 -0.430175781    
         650         100 -0.430877686    
         700         100 -0.430938721    
         750         100 -0.430511475    
         800         100 -0.429687500    
         850         100 -0.428619385    
         900         100 -0.427368164    
         950         100 -0.426025391    
        1000         100 -0.424652100    
        1050         100 -0.423309326    
        1100         100 -0.422058105    
        1150         100 -0.420928955    
        1200         100 -0.419921875    
        1250         100 -0.419067383    
        1300         100 -0.418334961    
        1350         100 -0.417755127    
        1400         100 -0.417236328    
        1450         100 -0.416748047    
        1500         100 -0.416320801    
        1550         100 -0.415893555    
        1600         100 -0.415405273    
        1650         100 -0.414916992    
        1700         100 -0.414367676    
        1750         100 -0.413696289    
        1800         100 -0.412902832    
        1850         100 -0.411956787    
        1900         100 -0.410858154    
        1950         100 -0.409637451    
        2000         100 -0.408325195    
        2050         100 -0.406982422    
        2100         100 -0.405548096    
        2150         100 -0.404113770    
        2200         100 -0.402648926    
           0         150 -0.446563721    
          50         150 -0.448669434    
         100         150 -0.449981689    
         150         150 -0.450897217    
         200         150 -0.451232910    
         250         150 -0.450866699    
         300         150 -0.449584961    
         350         150 -0.447326660    
         400         150 -0.444061279    
         450         150 -0.439910889    
         500         150 -0.434967041    
         550         150 -0.429504395    
         600         150 -0.423950195    
         650         150 -0.418670654    
         700         150 -0.413879395    
         750         150 -0.409820557    
         800         150 -0.406494141    
         850         150 -0.403869629    
         900         150 -0.401855469    
         950         150 -0.400390625    
        1000         150 -0.399322510    
        1050         150 -0.398590088    
        1100         150 -0.398071289    
        1150         150 -0.397644043    
        1200         150 -0.397216797    
        1250         150 -0.396759033    
        1300         150 -0.396301270    
        1350         150 -0.395843506    
        1400         150 -0.395416260    
        1450         150 -0.395019531    
        1500         150 -0.394653320    
        1550         150 -0.394378662    
        1600         150 -0.394134521    
        1650         150 -0.393981934    
        1700         150 -0.393890381    
        1750         150 -0.393890381    
        1800         150 -0.394012451    
        1850         150 -0.394317627    
        1900         150 -0.394805908    
        1950         150 -0.395507812    
        2000         150 -0.396362305    
        2050         150 -0.397399902    
        2100         150 -0.398559570    
        2150         150 -0.399810791    
        2200         150 -0.401184082    
           0         200 -0.445434570    
          50         200 -0.444183350    
         100         200 -0.443725586    
         150         200 -0.444122314    
         200         200 -0.445312500    
         250         200 -0.447174072    
         300         200 -0.449401855    
         350         200 -0.451660156    
         400         200 -0.453735352    
         450         200 -0.455413818    
         500         200 -0.456573486    
         550         200 -0.457214355    
         600         200 -0.457244873    
         650         200 -0.456787109    
         700         200 -0.455871582    
         750         200 -0.454620361    
         800         200 -0.453125000    
         850         200 -0.451477051    
         900         200 -0.449798584    
         950         200 -0.448120117    
        1000         200 -0.446472168    
        1050         200 -0.444885254    
        1100         200 -0.443420410    
        1150         200 -0.442077637    
        1200         200 -0.440887451    
        1250         200 -0.439849854    
        1300         200 -0.438934326    
        1350         200 -0.438140869    
        1400         200 -0.437316895    
        1450         200 -0.436492920    
        1500         200 -0.435638428    
        1550         200 -0.434814453    
        1600         200 -0.434051514    
        1650         200 -0.433258057    
        1700         200 -0.432464600    
        1750         200 -0.431640625    
        1800         200 -0.430786133    
        1850         200 -0.429840088    
        1900         200 -0.428771973    
        1950         200 -0.427612305    
        2000         200 -0.426361084    
        2050         200 -0.425079346    
        2100         200 -0.423797607    
        2150         200 -0.422485352    
        2200         200 -0.421203613    
           0         250 -0.464233398    
          50         250 -0.466461182    
         100         250 -0.467956543    
         150         250 -0.469177246    
         200         250 -0.469909668    
         250         250 -0.469970703    
         300         250 -0.469116211    
         350         250 -0.467254639    
         400         250 -0.464416504    
         450         250 -0.460601807    
         500         250 -0.455871582    
         550         250 -0.450439453    
         600         250 -0.444549561    
         650         250 -0.438629150    
         700         250 -0.433135986    
         750         250 -0.428405762    
         800         250 -0.424591064    
         850         250 -0.421722412    
         900         250 -0.419647217    
         950         250 -0.418151855    
        1000         250 -0.417144775    
        1050         250 -0.416442871    
        1100         250 -0.415954590    
        1150         250 -0.415618896    
        1200         250 -0.415344238    
        1250         250 -0.415100098    
        1300         250 -0.414794922    
        1350         250 -0.414489746    
        1400         250 -0.414215088    
        1450         250 -0.413970947    
        1500         250 -0.413787842    
        1550         250 -0.413635254    
        1600         250 -0.413574219    
        1650         250 -0.413513184    
        1700         250 -0.413574219    
        1750         250 -0.413696289    
        1800         250 -0.413909912    
        1850         250 -0.414245605    
        1900         250 -0.414672852    
        1950         250 -0.415252686    
        2000         250 -0.415985107    
        2050         250 -0.416839600    
        2100         250 -0.417785645    
        2150         250 -0.418823242    
        2200         250 -0.419952393    
           0         300 -0.463195801    
          50         300 -0.462188721    
         100         300 -0.462188721    
         150         300 -0.463195801    
         200         300 -0.465026855    
         250         300 -0.467376709    
         300         300 -0.469757080    
         350         300 -0.471923828    
         400         300 -0.473632812    
         450         300 -0.474822998    
         500         300 -0.475463867    
         550         300 -0.475555420    
         600         300 -0.475097656    
         650         300 -0.474121094    
         700         300 -0.472656250    
         750         300 -0.470855713    
         800         300 -0.468811035    
         850         300 -0.466644287    
         900         300 -0.464477539    
         950         300 -0.462310791    
        1000         300 -0.460144043    
        1050         300 -0.458038330    
        1100         300 -0.455932617    
        1150         300 -0.453796387    
        1200         300 -0.451568604    
        1250         300 -0.449096680    
        1300         300 -0.446350098    
        1350         300 -0.443328857    
        1400         300 -0.440185547    
        1450         300 -0.437347412    
        1500         300 -0.435058594    
        1550         300 -0.433319092    
        1600         300 -0.432067871    
        1650         300 -0.431213379    
        1700         300 -0.430633545    
        1750         300 -0.430175781    
        1800         300 -0.429748535    
        1850         300 -0.429260254    
        1900         300 -0.428649902    
        1950         300 -0.427856445    
        2000         300 -0.426879883    
        2050         300 -0.425842285    
        2100         300 -0.424713135    
        2150         300 -0.423522949    
        2200         300 -0.422332764    
           0         350 -0.465423584    
          50         350 -0.468841553    
         100         350 -0.471038818    
         150         350 -0.472534180    
         200         350 -0.472686768    
         250         350 -0.470977783    
         300         350 -0.467041016    
         350         350 -0.460815430    
         400         350 -0.452484131    
         450         350 -0.442504883    
         500         350 -0.431427002    
         550         350 -0.420104980    
         600         350 -0.409393311    
         650         350 -0.400146484    
         700         350 -0.392639160    
         750         350 -0.386810303    
         800         350 -0.382568359    
         850         350 -0.379577637    
         900         350 -0.377593994    
         950         350 -0.376373291    
        1000         350 -0.375793457    
        1050         350 -0.375762939    
        1100         350 -0.376281738    
        1150         350 -0.377471924    
        1200         350 -0.379577637    
        1250         350 -0.382934570    
        1300         350 -0.387786865    
        1350         350 -0.393920898    
        1400         350 -0.400115967    
        1450         350 -0.404998779    
        1500         350 -0.408233643    
        1550         350 -0.410308838    
        1600         350 -0.411682129    
        1650         350 -0.412658691    
        1700         350 -0.413391113    
        1750         350 -0.414001465    
        1800         350 -0.414520264    
        1850         350 -0.415039062    
        1900         350 -0.415618896    
        1950         350 -0.416259766    
        2000         350 -0.417022705    
        2050         350 -0.417907715    
        2100         350 -0.418914795    
        2150         350 -0.419982910    
        2200         350 -0.421112061    
           0         400 -0.463745117    
          50         400 -0.462066650    
         100         400 -0.461822510    
         150         400 -0.463104248    
         200         400 -0.465881348    
         250         400 -0.469757080    
         300         400 -0.473999023    
         350         400 -0.478057861    
         400         400 -0.481597900    
         450         400 -0.484436035    
         500         400 -0.486511230    
         550         400 -0.487792969    
         600         400 -0.488311768    
         650         400 -0.487915039    
         700         400 -0.486663818    
         750         400 -0.484558105    
         800         400 -0.481903076    
         850         400 -0.478790283    
         900         400 -0.475311279    
         950         400 -0.471466064    
        1000         400 -0.467132568    
        1050         400 -0.462249756    
        1100         400 -0.456634521    
        1150         400 -0.450317383    
        1200         400 -0.442840576    
        1250         400 -0.433929443    
        1300         400 -0.423980713    
        1350         400 -0.414581299    
        1400         400 -0.406677246    
        1450         400 -0.400299072    
        1500         400 -0.394744873    
        1550         400 -0.389495850    
        1600         400 -0.384490967    
        1650         400 -0.379760742    
        1700         400 -0.375396729    
        1750         400 -0.371459961    
        1800         400 -0.367858887    
        1850         400 -0.364440918    
        1900         400 -0.361175537    
        1950         400 -0.358154297    
        2000         400 -0.355346680    
        2050         400 -0.352874756    
        2100         400 -0.350708008    
        2150         400 -0.348876953    
        2200         400 -0.347259521    
           0         450 -0.462097168    
          50         450 -0.464508057    
         100         450 -0.465759277    
         150         450 -0.465972900    
         200         450 -0.464660645    
         250         450 -0.461212158    
         300         450 -0.455261230    
         350         450 -0.446777344    
         400         450 -0.436035156    
         450         450 -0.423522949    
         500         450 -0.410034180    
         550         450 -0.396484375    
         600         450 -0.384094238    
         650         450 -0.373565674    
         700         450 -0.365020752    
         750         450 -0.358306885    
         800         450 -0.353240967    
         850         450 -0.349670410    
         900         450 -0.347259521    
         950         450 -0.345733643    
        1000         450 -0.344848633    
        1050         450 -0.344451904    
        1100         450 -0.344451904    
        1150         450 -0.344787598    
        1200         450 -0.345458984    
        1250         450 -0.346496582    
        1300         450 -0.347717285    
        1350         450 -0.348937988    
        1400         450 -0.349731445    
        1450         450 -0.350006104    
        1500         450 -0.349822998    
        1550         450 -0.349273682    
        1600         450 -0.348541260    
        1650         450 -0.347747803    
        1700         450 -0.347015381    
        1750         450 -0.346405029    
        1800         450 -0.345855713    
        1850         450 -0.345336914    
        1900         450 -0.344909668    
        1950         450 -0.344635010    
        2000         450 -0.344512939    
        2050         450 -0.344543457    
        2100         450 -0.344818115    
        2150         450 -0.345245361    
        2200         450 -0.345916748    
           0         500 -0.460815430    
          50         500 -0.459472656    
         100         500 -0.459350586    
         150         500 -0.460662842    
         200         500 -0.463409424    
         250         500 -0.467346191    
         300         500 -0.471832275    
         350         500 -0.476257324    
         400         500 -0.480041504    
         450         500 -0.482910156    
         500         500 -0.484771729    
         550         500 -0.485656738    
         600         500 -0.485534668    
         650         500 -0.484405518    
         700         500 -0.482360840    
         750         500 -0.479614258    
         800         500 -0.476348877    
         850         500 -0.472747803    
         900         500 -0.468902588    
         950         500 -0.464752197    
        1000         500 -0.460174561    
        1050         500 -0.455047607    
        1100         500 -0.449157715    
        1150         500 -0.442138672    
        1200         500 -0.432922363    
        1250         500 -0.420562744    
        1300         500 -0.406280518    
        1350         500 -0.394226074    
        1400         500 -0.385528564    
        1450         500 -0.379791260    
        1500         500 -0.376068115    
        1550         500 -0.373260498    
        1600         500 -0.370727539    
        1650         500 -0.368255615    
        1700         500 -0.365692139    
        1750         500 -0.363159180    
        1800         500 -0.360626221    
        1850         500 -0.358032227    
        1900         500 -0.355224609    
        1950         500 -0.352233887    
        2000         500 -0.349243164    
        2050         500 -0.346740723    
        2100         500 -0.344604492    
        2150         500 -0.342773438    
        2200         500 -0.341186523    
           0         550 -0.436035156    
          50         550 -0.435577393    
         100         550 -0.434295654    
         150         550 -0.431762695    
         200         550 -0.427673340    
         250         550 -0.421630859    
         300         550 -0.413513184    
         350         550 -0.403625488    
         400         550 -0.392578125    
         450         550 -0.381713867    
         500         550 -0.371643066    
         550         550 -0.362609863    
         600         550 -0.354583740    
         650         550 -0.347717285    
         700         550 -0.342437744    
         750         550 -0.338867188    
         800         550 -0.336639404    
         850         550 -0.335479736    
         900         550 -0.334991455    
         950         550 -0.334960938    
        1000         550 -0.335266113    
        1050         550 -0.335815430    
        1100         550 -0.336517334    
        1150         550 -0.337371826    
        1200         550 -0.338287354    
        1250         550 -0.339233398    
        1300         550 -0.340026855    
        1350         550 -0.340545654    
        1400         550 -0.340667725    
        1450         550 -0.340026855    
        1500         550 -0.339447021    
        1550         550 -0.338989258    
        1600         550 -0.338623047    
        1650         550 -0.338348389    
        1700         550 -0.338348389    
        1750         550 -0.338500977    
        1800         550 -0.338684082    
        1850         550 -0.338653564    
        1900         550 -0.338500977    
        1950         550 -0.338378906    
        2000         550 -0.338317871    
        2050         550 -0.338409424    
        2100         550 -0.338653564    
        2150         550 -0.339141846    
        2200         550 -0.339813232    
           0         600 -0.435974121    
          50         600 -0.435913086    
         100         600 -0.436492920    
         150         600 -0.438049316    
         200         600 -0.440917969    
         250         600 -0.445129395    
         300         600 -0.450500488    
         350         600 -0.456512451    
         400         600 -0.462524414    
         450         600 -0.467834473    
         500         600 -0.471923828    
         550         600 -0.474700928    
         600         600 -0.476135254    
         650         600 -0.476318359    
         700         600 -0.475402832    
         750         600 -0.473571777    
         800         600 -0.471038818    
         850         600 -0.467926025    
         900         600 -0.464172363    
         950         600 -0.459808350    
        1000         600 -0.454681396    
        1050         600 -0.448699951    
        1100         600 -0.441497803    
        1150         600 -0.432281494    
        1200         600 -0.420104980    
        1250         600 -0.405548096    
        1300         600 -0.391815186    
        1350         600 -0.381103516    
        1400         600 -0.373260498    
        1450         600 -0.368164062    
        1500         600 -0.365142822    
        1550         600 -0.363311768    
        1600         600 -0.361907959    
        1650         600 -0.360504150    
        1700         600 -0.358917236    
        1750         600 -0.357025146    
        1800         600 -0.354797363    
        1850         600 -0.352386475    
        1900         600 -0.349853516    
        1950         600 -0.347503662    
        2000         600 -0.345458984    
        2050         600 -0.343688965    
        2100         600 -0.342102051    
        2150         600 -0.340728760    
        2200         600 -0.339477539    
           0         650 -0.418609619    
          50         650 -0.416748047    
         100         650 -0.414520264    
         150         650 -0.411376953    
         200         650 -0.407104492    
         250         650 -0.401580811    
         300         650 -0.395080566    
         350         650 -0.387695312    
         400         650 -0.379730225    
         450         650 -0.371582031    
         500         650 -0.364196777    
         550         650 -0.357391357    
         600         650 -0.351196289    
         650         650 -0.346038818    
         700         650 -0.342193604    
         750         650 -0.339569092    
         800         650 -0.337921143    
         850         650 -0.337005615    
         900         650 -0.336608887    
         950         650 -0.336578369    
        1000         650 -0.336791992    
        1050         650 -0.337188721    
        1100         650 -0.337738037    
        1150         650 -0.338348389    
        1200         650 -0.338989258    
        1250         650 -0.339538574    
        1300         650 -0.339874268    
        1350         650 -0.339782715    
        1400         650 -0.339141846    
        1450         650 -0.337982178    
        1500         650 -0.336517334    
        1550         650 -0.335296631    
        1600         650 -0.334594727    
        1650         650 -0.334533691    
        1700         650 -0.335083008    
        1750         650 -0.335998535    
        1800         650 -0.336761475    
        1850         650 -0.337219238    
        1900         650 -0.337371826    
        1950         650 -0.337341309    
        2000         650 -0.337310791    
        2050         650 -0.337371826    
        2100         650 -0.337524414    
        2150         650 -0.337890625    
        2200         650 -0.338348389    
           0         700 -0.419189453    
          50         700 -0.419860840    
         100         700 -0.420623779    
         150         700 -0.421722412    
         200         700 -0.423400879    
         250         700 -0.425781250    
         300         700 -0.428863525    
         350         700 -0.432495117    
         400         700 -0.436523438    
         450         700 -0.440521240    
         500         700 -0.444183350    
         550         700 -0.447204590    
         600         700 -0.449584961    
         650         700 -0.451019287    
         700         700 -0.451629639    
         750         700 -0.451477051    
         800         700 -0.450683594    
         850         700 -0.449310303    
         900         700 -0.447387695    
         950         700 -0.444854736    
        1000         700 -0.441589355    
        1050         700 -0.437561035    
        1100         700 -0.432586670    
        1150         700 -0.426361084    
        1200         700 -0.418243408    
        1250         700 -0.408111572    
        1300         700 -0.397064209    
        1350         700 -0.387023926    
        1400         700 -0.378570557    
        1450         700 -0.371948242    
        1500         700 -0.367187500    
        1550         700 -0.363891602    
        1600         700 -0.361480713    
        1650         700 -0.359436035    
        1700         700 -0.357513428    
        1750         700 -0.355590820    
        1800         700 -0.353576660    
        1850         700 -0.351745605    
        1900         700 -0.349914551    
        1950         700 -0.348266602    
        2000         700 -0.346832275    
        2050         700 -0.345520020    
        2100         700 -0.344390869    
        2150         700 -0.343383789    
        2200         700 -0.342559814    
           0         750 -0.394256592    
          50         750 -0.391448975    
         100         750 -0.388763428    
         150         750 -0.385559082    
         200         750 -0.381866455    
         250         750 -0.377746582    
         300         750 -0.373321533    
         350         750 -0.368713379    
         400         750 -0.364074707    
         450         750 -0.359527588    
         500         750 -0.355163574    
         550         750 -0.351165771    
         600         750 -0.347686768    
         650         750 -0.344818115    
         700         750 -0.342559814    
         750         750 -0.340820312    
         800         750 -0.339538574    
         850         750 -0.338684082    
         900         750 -0.338134766    
         950         750 -0.337799072    
        1000         750 -0.337677002    
        1050         750 -0.337677002    
        1100         750 -0.337768555    
        1150         750 -0.337890625    
        1200         750 -0.338073730    
        1250         750 -0.338195801    
        1300         750 -0.338195801    
        1350         750 -0.338043213    
        1400         750 -0.337677002    
        1450         750 -0.337127686    
        1500         750 -0.336547852    
        1550         750 -0.336212158    
        1600         750 -0.336303711    
        1650         750 -0.336883545    
        1700         750 -0.337951660    
        1750         750 -0.339202881    
        1800         750 -0.340301514    
        1850         750 -0.340972900    
        1900         750 -0.341278076    
        1950         750 -0.341369629    
        2000         750 -0.341400146    
        2050         750 -0.341430664    
        2100         750 -0.341491699    
        2150         750 -0.341644287    
        2200         750 -0.341827393    
           0         800 -0.395416260    
          50         800 -0.396881104    
         100         800 -0.398193359    
         150         800 -0.399505615    
         200         800 -0.401062012    
         250         800 -0.402954102    
         300         800 -0.405181885    
         350         800 -0.407806396    
         400         800 -0.410736084    
         450         800 -0.413818359    
         500         800 -0.416839600    
         550         800 -0.419677734    
         600         800 -0.422149658    
         650         800 -0.424163818    
         700         800 -0.425689697    
         750         800 -0.426696777    
         800         800 -0.427124023    
         850         800 -0.427032471    
         900         800 -0.426422119    
         950         800 -0.425262451    
        1000         800 -0.423583984    
        1050         800 -0.421325684    
        1100         800 -0.418457031    
        1150         800 -0.415008545    
        1200         800 -0.410797119    
        1250         800 -0.405609131    
        1300         800 -0.399444580    
        1350         800 -0.392669678    
        1400         800 -0.385711670    
        1450         800 -0.379302979    
        1500         800 -0.373748779    
        1550         800 -0.369110107    
        1600         800 -0.365356445    
        1650         800 -0.362335205    
        1700         800 -0.359802246    
        1750         800 -0.357574463    
        1800         800 -0.355560303    
        1850         800 -0.353698730    
        1900         800 -0.352050781    
        1950         800 -0.350585938    
        2000         800 -0.349273682    
        2050         800 -0.348114014    
        2100         800 -0.347076416    
        2150         800 -0.346160889    
        2200         800 -0.345336914    
           0         850 -0.359832764    
          50         850 -0.358154297    
         100         850 -0.356750488    
         150         850 -0.355285645    
         200         850 -0.353729248    
         250         850 -0.352111816    
         300         850 -0.350433350    
         350         850 -0.348693848    
         400         850 -0.346923828    
         450         850 -0.345245361    
         500         850 -0.343688965    
         550         850 -0.342315674    
         600         850 -0.341186523    
         650         850 -0.340270996    
         700         850 -0.339599609    
         750         850 -0.339111328    
         800         850 -0.338775635    
         850         850 -0.338562012    
         900         850 -0.338470459    
         950         850 -0.338439941    
        1000         850 -0.338470459    
        1050         850 -0.338531494    
        1100         850 -0.338623047    
        1150         850 -0.338745117    
        1200         850 -0.338897705    
        1250         850 -0.339050293    
        1300         850 -0.339202881    
        1350         850 -0.339355469    
        1400         850 -0.339508057    
        1450         850 -0.339691162    
        1500         850 -0.339904785    
        1550         850 -0.340301514    
        1600         850 -0.340850830    
        1650         850 -0.341522217    
        1700         850 -0.342224121    
        1750         850 -0.342864990    
        1800         850 -0.343353271    
        1850         850 -0.343627930    
        1900         850 -0.343811035    
        1950         850 -0.343902588    
        2000         850 -0.343994141    
        2050         850 -0.344085693    
        2100         850 -0.344207764    
        2150         850 -0.344390869    
        2200         850 -0.344604492    
           0         900 -0.360656738    
          50         900 -0.361755371    
         100         900 -0.362854004    
         150         900 -0.364013672    
         200         900 -0.365295410    
         250         900 -0.366760254    
         300         900 -0.368438721    
         350         900 -0.370330811    
         400         900 -0.372436523    
         450         900 -0.374694824    
         500         900 -0.377044678    
         550         900 -0.379394531    
         600         900 -0.381683350    
         650         900 -0.383789062    
         700         900 -0.385650635    
         750         900 -0.387298584    
         800         900 -0.388610840    
         850         900 -0.389617920    
         900         900 -0.390258789    
         950         900 -0.390533447    
        1000         900 -0.390350342    
        1050         900 -0.389739990    
        1100         900 -0.388641357    
        1150         900 -0.387115479    
        1200         900 -0.385070801    
        1250         900 -0.382568359    
        1300         900 -0.379608154    
        1350         900 -0.376281738    
        1400         900 -0.372650146    
        1450         900 -0.368957520    
        1500         900 -0.365539551    
        1550         900 -0.362426758    
        1600         900 -0.359771729    
        1650         900 -0.357513428    
        1700         900 -0.355560303    
        1750         900 -0.353851318    
        1800         900 -0.352325439    
        1850         900 -0.350952148    
        1900         900 -0.349731445    
        1950         900 -0.348632812    
        2000         900 -0.347625732    
        2050         900 -0.346679688    
        2100         900 -0.345886230    
        2150         900 -0.345184326    
        2200         900 -0.344573975    
           0         950 -0.351409912    
          50         950 -0.350524902    
         100         950 -0.349792480    
         150         950 -0.348999023    
         200         950 -0.348175049    
         250         950 -0.347290039    
         300         950 -0.346343994    
         350         950 -0.345367432    
         400         950 -0.344390869    
         450         950 -0.343444824    
         500         950 -0.342529297    
         550         950 -0.341705322    
         600         950 -0.340911865    
         650         950 -0.340270996    
         700         950 -0.339752197    
         750         950 -0.339355469    
         800         950 -0.339019775    
         850         950 -0.338836670    
         900         950 -0.338714600    
         950         950 -0.338714600    
        1000         950 -0.338745117    
        1050         950 -0.338836670    
        1100         950 -0.338989258    
        1150         950 -0.339233398    
        1200         950 -0.339477539    
        1250         950 -0.339813232    
        1300         950 -0.340148926    
        1350         950 -0.340515137    
        1400         950 -0.340911865    
        1450         950 -0.341308594    
        1500         950 -0.341735840    
        1550         950 -0.342163086    
        1600         950 -0.342559814    
        1650         950 -0.342926025    
        1700         950 -0.343200684    
        1750         950 -0.343414307    
        1800         950 -0.343566895    
        1850         950 -0.343658447    
        1900         950 -0.343719482    
        1950         950 -0.343719482    
        2000         950 -0.343719482    
        2050         950 -0.343750000    
        2100         950 -0.343811035    
        2150         950 -0.343902588    
        2200         950 -0.344024658    
           0        1000 -0.352020264    
          50        1000 -0.352416992    
         100        1000 -0.353088379    
         150        1000 -0.353790283    
         200        1000 -0.354583740    
         250        1000 -0.355468750    
         300        1000 -0.356506348    
         350        1000 -0.357666016    
         400        1000 -0.358947754    
         450        1000 -0.360382080    
         500        1000 -0.361846924    
         550        1000 -0.363403320    
         600        1000 -0.364898682    
         650        1000 -0.366363525    
         700        1000 -0.367706299    
         750        1000 -0.368927002    
         800        1000 -0.369934082    
         850        1000 -0.370758057    
         900        1000 -0.371398926    
         950        1000 -0.371765137    
        1000        1000 -0.371887207    
        1050        1000 -0.371765137    
        1100        1000 -0.371398926    
        1150        1000 -0.370758057    
        1200        1000 -0.369903564    
        1250        1000 -0.368774414    
        1300        1000 -0.367431641    
        1350        1000 -0.365875244    
        1400        1000 -0.364074707    
        1450        1000 -0.362060547    
        1500        1000 -0.359985352    
        1550        1000 -0.357849121    
        1600        1000 -0.355834961    
        1650        1000 -0.353973389    
        1700        1000 -0.352264404    
        1750        1000 -0.350769043    
        1800        1000 -0.349395752    
        1850        1000 -0.348144531    
        1900        1000 -0.347045898    
        1950        1000 -0.346038818    
        2000        1000 -0.345153809    
        2050        1000 -0.344360352    
        2100        1000 -0.343658447    
        2150        1000 -0.343017578    
        2200        1000 -0.342437744    
