           0           0 -0.356048554    
         -50           0 -0.346282929    
        -100           0 -0.348358065    
        -150           0 -0.350738376    
        -200           0 -0.352203459    
        -250           0 -0.356902987    
        -300           0 -0.361175448    
        -350           0 -0.366149753    
        -400           0 -0.370635897    
        -450           0 -0.373931736    
        -500           0 -0.377105683    
        -550           0 -0.378906339    
        -600           0 -0.378875643    
        -650           0 -0.378967136    
        -700           0 -0.378601164    
        -750           0 -0.377136081    
        -800           0 -0.375396818    
        -850           0 -0.373992831    
        -900           0 -0.372070283    
        -950           0 -0.370819181    
       -1000           0 -0.369415194    
       -1050           0 -0.367858917    
       -1100           0 -0.367370456    
       -1150           0 -0.366546720    
       -1200           0 -0.366577119    
       -1250           0 -0.366638213    
       -1300           0 -0.367034882    
       -1350           0 -0.369628876    
       -1400           0 -0.369751066    
       -1450           0 -0.371398836    
       -1500           0 -0.373504668    
       -1550           0 -0.375183135    
       -1600           0 -0.376678318    
       -1650           0 -0.377044588    
       -1700           0 -0.377075285    
       -1750           0 -0.376129061    
       -1800           0 -0.374115020    
       -1850           0 -0.371551424    
       -1900           0 -0.369323701    
       -1950           0 -0.367797822    
       -2000           0 -0.365844578    
       -2050           0 -0.364654571    
       -2100           0 -0.363403171    
       -2150           0 -0.362701327    
       -2200           0 -0.361389130    
       -2200         -50 -0.360931367    
       -2150         -50 -0.360504001    
       -2100         -50 -0.360107332    
       -2050         -50 -0.359741062    
       -2000         -50 -0.360015839    
       -1950         -50 -0.360687286    
       -1900         -50 -0.362090975    
       -1850         -50 -0.363677949    
       -1800         -50 -0.366363436    
       -1750         -50 -0.368408173    
       -1700         -50 -0.370025545    
       -1650         -50 -0.371459931    
       -1600         -50 -0.372070283    
       -1550         -50 -0.372070283    
       -1500         -50 -0.372314364    
       -1450         -50 -0.371917695    
       -1400         -50 -0.372039884    
       -1350         -50 -0.371521026    
       -1300         -50 -0.371521026    
       -1250         -50 -0.371490330    
       -1200         -50 -0.371734709    
       -1150         -50 -0.372283965    
       -1100         -50 -0.372558445    
       -1050         -50 -0.374053925    
       -1000         -50 -0.375366122    
        -950         -50 -0.377685636    
        -900         -50 -0.380493015    
        -850         -50 -0.384124726    
        -800         -50 -0.388336092    
        -750         -50 -0.393768460    
        -700         -50 -0.399902374    
        -650         -50 -0.406768829    
        -600         -50 -0.413787872    
        -550         -50 -0.421539456    
        -500         -50 -0.427612275    
        -450         -50 -0.432098418    
        -400         -50 -0.433899075    
        -350         -50 -0.433654696    
        -300         -50 -0.431182891    
        -250         -50 -0.427825958    
        -200         -50 -0.423553497    
        -150         -50 -0.419250637    
        -100         -50 -0.414062649    
         -50         -50 -0.409790188    
           0         -50 -0.401703030    
           0        -100 -0.404113740    
         -50        -100 -0.403503388    
        -100        -100 -0.408081025    
        -150        -100 -0.414703399    
        -200        -100 -0.422607571    
        -250        -100 -0.430633634    
        -300        -100 -0.438415587    
        -350        -100 -0.444640994    
        -400        -100 -0.448486388    
        -450        -100 -0.450286746    
        -500        -100 -0.449828982    
        -550        -100 -0.446899414    
        -600        -100 -0.442809939    
        -650        -100 -0.437194914    
        -700        -100 -0.431488067    
        -750        -100 -0.426666349    
        -800        -100 -0.422271699    
        -850        -100 -0.419006258    
        -900        -100 -0.416107088    
        -950        -100 -0.413940459    
       -1000        -100 -0.412292391    
       -1050        -100 -0.411224276    
       -1100        -100 -0.410797209    
       -1150        -100 -0.410766512    
       -1200        -100 -0.410858303    
       -1250        -100 -0.411376864    
       -1300        -100 -0.411743134    
       -1350        -100 -0.412536770    
       -1400        -100 -0.412567168    
       -1450        -100 -0.412353486    
       -1500        -100 -0.412475675    
       -1550        -100 -0.412048310    
       -1600        -100 -0.411010891    
       -1650        -100 -0.410522431    
       -1700        -100 -0.409423918    
       -1750        -100 -0.407653958    
       -1800        -100 -0.405761808    
       -1850        -100 -0.403442293    
       -1900        -100 -0.400970489    
       -1950        -100 -0.398651272    
       -2000        -100 -0.396515042    
       -2050        -100 -0.394897372    
       -2100        -100 -0.392639250    
       -2150        -100 -0.391204864    
       -2200        -100 -0.389465302    
       -2200        -150 -0.388000518    
       -2150        -150 -0.387451261    
       -2100        -150 -0.387298673    
       -2050        -150 -0.386962801    
       -2000        -150 -0.387023896    
       -1950        -150 -0.387817532    
       -1900        -150 -0.388488680    
       -1850        -150 -0.389923066    
       -1800        -150 -0.391265959    
       -1750        -150 -0.392791837    
       -1700        -150 -0.393890351    
       -1650        -150 -0.394805878    
       -1600        -150 -0.395507723    
       -1550        -150 -0.396575838    
       -1500        -150 -0.397125393    
       -1450        -150 -0.398315400    
       -1400        -150 -0.398986846    
       -1350        -150 -0.399688691    
       -1300        -150 -0.400421232    
       -1250        -150 -0.400878996    
       -1200        -150 -0.401336759    
       -1150        -150 -0.401489347    
       -1100        -150 -0.401916414    
       -1050        -150 -0.403259307    
       -1000        -150 -0.405914396    
        -950        -150 -0.410003573    
        -900        -150 -0.415038973    
        -850        -150 -0.421997219    
        -800        -150 -0.430114776    
        -750        -150 -0.439758182    
        -700        -150 -0.450408936    
        -650        -150 -0.461791933    
        -600        -150 -0.471466064    
        -550        -150 -0.479492128    
        -500        -150 -0.484130859    
        -450        -150 -0.484405637    
        -400        -150 -0.481414676    
        -350        -150 -0.476715147    
        -300        -150 -0.469909787    
        -250        -150 -0.462402284    
        -200        -150 -0.454528809    
        -150        -150 -0.447876036    
        -100        -150 -0.441741824    
         -50        -150 -0.436859041    
           0        -150 -0.427612275    
           0        -200 -0.435272366    
         -50        -200 -0.432922453    
        -100        -200 -0.439605594    
        -150        -200 -0.447692752    
        -200        -200 -0.456024289    
        -250        -200 -0.463928163    
        -300        -200 -0.469452024    
        -350        -200 -0.471984923    
        -400        -200 -0.472411990    
        -450        -200 -0.470520139    
        -500        -200 -0.467010617    
        -550        -200 -0.462982237    
        -600        -200 -0.457519472    
        -650        -200 -0.452667356    
        -700        -200 -0.447631955    
        -750        -200 -0.443359494    
        -800        -200 -0.439666688    
        -850        -200 -0.436645657    
        -900        -200 -0.434692413    
        -950        -200 -0.433013946    
       -1000        -200 -0.431640655    
       -1050        -200 -0.430602938    
       -1100        -200 -0.430236965    
       -1150        -200 -0.429992586    
       -1200        -200 -0.430175871    
       -1250        -200 -0.430511445    
       -1300        -200 -0.430694729    
       -1350        -200 -0.430999905    
       -1400        -200 -0.429901093    
       -1450        -200 -0.429077059    
       -1500        -200 -0.427948147    
       -1550        -200 -0.427398592    
       -1600        -200 -0.427185208    
       -1650        -200 -0.426117092    
       -1700        -200 -0.425323457    
       -1750        -200 -0.424224943    
       -1800        -200 -0.423095733    
       -1850        -200 -0.421325773    
       -1900        -200 -0.419158846    
       -1950        -200 -0.417175204    
       -2000        -200 -0.415100068    
       -2050        -200 -0.413543791    
       -2100        -200 -0.412261993    
       -2150        -200 -0.410675019    
       -2200        -200 -0.409667999    
       -2200        -250 -0.408691376    
       -2150        -250 -0.408660978    
       -2100        -250 -0.408447295    
       -2050        -250 -0.408325106    
       -2000        -250 -0.408294708    
       -1950        -250 -0.408660978    
       -1900        -250 -0.409454316    
       -1850        -250 -0.410400540    
       -1800        -250 -0.410888702    
       -1750        -250 -0.411773831    
       -1700        -250 -0.412475675    
       -1650        -250 -0.412963837    
       -1600        -250 -0.414123446    
       -1550        -250 -0.414184541    
       -1500        -250 -0.415161163    
       -1450        -250 -0.415618926    
       -1400        -250 -0.416412264    
       -1350        -250 -0.416961819    
       -1300        -250 -0.417541474    
       -1250        -250 -0.417846650    
       -1200        -250 -0.417541474    
       -1150        -250 -0.418090731    
       -1100        -250 -0.418975860    
       -1050        -250 -0.420837313    
       -1000        -250 -0.423462003    
        -950        -250 -0.427215606    
        -900        -250 -0.433105439    
        -850        -250 -0.440399230    
        -800        -250 -0.450408936    
        -750        -250 -0.462738156    
        -700        -250 -0.475708127    
        -650        -250 -0.488067746    
        -600        -250 -0.497833371    
        -550        -250 -0.503448427    
        -500        -250 -0.504760623    
        -450        -250 -0.503173947    
        -400        -250 -0.498748899    
        -350        -250 -0.492797971    
        -300        -250 -0.485870421    
        -250        -250 -0.477661073    
        -200        -250 -0.469360232    
        -150        -250 -0.462585568    
        -100        -250 -0.456970215    
         -50        -250 -0.453002930    
           0        -250 -0.444183230    
           0        -300 -0.453857362    
         -50        -300 -0.453125119    
        -100        -300 -0.462188601    
        -150        -300 -0.472259402    
        -200        -300 -0.481506467    
        -250        -300 -0.488525510    
        -300        -300 -0.491180301    
        -350        -300 -0.491424680    
        -400        -300 -0.489013672    
        -450        -300 -0.485534549    
        -500        -300 -0.481231689    
        -550        -300 -0.476379275    
        -600        -300 -0.470977902    
        -650        -300 -0.465332150    
        -700        -300 -0.459472716    
        -750        -300 -0.454650998    
        -800        -300 -0.450408936    
        -850        -300 -0.447143495    
        -900        -300 -0.444976866    
        -950        -300 -0.442809939    
       -1000        -300 -0.440643311    
       -1050        -300 -0.439087033    
       -1100        -300 -0.436981231    
       -1150        -300 -0.434570223    
       -1200        -300 -0.431518465    
       -1250        -300 -0.426849335    
       -1300        -300 -0.421630949    
       -1350        -300 -0.416137785    
       -1400        -300 -0.411895722    
       -1450        -300 -0.411804229    
       -1500        -300 -0.414459318    
       -1550        -300 -0.417663664    
       -1600        -300 -0.420806915    
       -1650        -300 -0.423523098    
       -1700        -300 -0.425414950    
       -1750        -300 -0.426055998    
       -1800        -300 -0.425903410    
       -1850        -300 -0.424865693    
       -1900        -300 -0.423156828    
       -1950        -300 -0.420715421    
       -2000        -300 -0.418090731    
       -2050        -300 -0.416504055    
       -2100        -300 -0.414550811    
       -2150        -300 -0.412811249    
       -2200        -300 -0.411621243    
       -2200        -350 -0.410125762    
       -2150        -350 -0.409820586    
       -2100        -350 -0.409301728    
       -2050        -350 -0.408843964    
       -2000        -350 -0.409057647    
       -1950        -350 -0.409393221    
       -1900        -350 -0.409850985    
       -1850        -350 -0.409820586    
       -1800        -350 -0.409850985    
       -1750        -350 -0.409332424    
       -1700        -350 -0.407898039    
       -1650        -350 -0.406066984    
       -1600        -350 -0.402893037    
       -1550        -350 -0.397949129    
       -1500        -350 -0.389556795    
       -1450        -350 -0.375884980    
       -1400        -350 -0.356170744    
       -1350        -350 -0.338165373    
       -1300        -350 -0.332580715    
       -1250        -350 -0.339263886    
       -1200        -350 -0.349365383    
       -1150        -350 -0.358520657    
       -1100        -350 -0.365570098    
       -1050        -350 -0.371093661    
       -1000        -350 -0.376068264    
        -950        -350 -0.381591827    
        -900        -350 -0.388580471    
        -850        -350 -0.397430569    
        -800        -350 -0.409485012    
        -750        -350 -0.424987882    
        -700        -350 -0.445098758    
        -650        -350 -0.467712462    
        -600        -350 -0.492614686    
        -550        -350 -0.516509891    
        -500        -350 -0.533325255    
        -450        -350 -0.542205751    
        -400        -350 -0.542297244    
        -350        -350 -0.535797060    
        -300        -350 -0.523071170    
        -250        -350 -0.506408691    
        -200        -350 -0.488067746    
        -150        -350 -0.471160889    
        -100        -350 -0.457580566    
         -50        -350 -0.449066043    
           0        -350 -0.434662014    
           0        -400 -0.448638976    
         -50        -400 -0.446960509    
        -100        -400 -0.459625304    
        -150        -400 -0.474640012    
        -200        -400 -0.490875125    
        -250        -400 -0.504638731    
        -300        -400 -0.512176633    
        -350        -400 -0.514587343    
        -400        -400 -0.513458133    
        -450        -400 -0.509979308    
        -500        -400 -0.505187988    
        -550        -400 -0.499328554    
        -600        -400 -0.492980957    
        -650        -400 -0.484344542    
        -700        -400 -0.475402951    
        -750        -400 -0.465606630    
        -800        -400 -0.458007932    
        -850        -400 -0.450775206    
        -900        -400 -0.444000244    
        -950        -400 -0.436859041    
       -1000        -400 -0.428131133    
       -1050        -400 -0.418304414    
       -1100        -400 -0.406097382    
       -1150        -400 -0.393463284    
       -1200        -400 -0.375549406    
       -1250        -400 -0.353729337    
       -1300        -400 -0.334442168    
       -1350        -400 -0.329986721    
       -1400        -400 -0.335540682    
       -1450        -400 -0.342895597    
       -1500        -400 -0.344757050    
       -1550        -400 -0.342254549    
       -1600        -400 -0.339447170    
       -1650        -400 -0.337188751    
       -1700        -400 -0.336120635    
       -1750        -400 -0.336029142    
       -1800        -400 -0.335449189    
       -1850        -400 -0.333679229    
       -1900        -400 -0.331787080    
       -1950        -400 -0.330963045    
       -2000        -400 -0.330078214    
       -2050        -400 -0.330627471    
       -2100        -400 -0.331207126    
       -2150        -400 -0.332397431    
       -2200        -400 -0.332702607    
       -2200        -450 -0.333831817    
       -2150        -450 -0.339202791    
       -2100        -450 -0.340972751    
       -2050        -450 -0.342071563    
       -2000        -450 -0.344238192    
       -1950        -450 -0.345733672    
       -1900        -450 -0.347381443    
       -1850        -450 -0.349182099    
       -1800        -450 -0.350524992    
       -1750        -450 -0.351348728    
       -1700        -450 -0.352508634    
       -1650        -450 -0.354339689    
       -1600        -450 -0.355682284    
       -1550        -450 -0.355865568    
       -1500        -450 -0.354766756    
       -1450        -450 -0.351653904    
       -1400        -450 -0.347259551    
       -1350        -450 -0.341796786    
       -1300        -450 -0.336730987    
       -1250        -450 -0.335510284    
       -1200        -450 -0.336120635    
       -1150        -450 -0.338745028    
       -1100        -450 -0.341430515    
       -1050        -450 -0.344451874    
       -1000        -450 -0.348419160    
        -950        -450 -0.353698641    
        -900        -450 -0.360992461    
        -850        -450 -0.371368438    
        -800        -450 -0.385375828    
        -750        -450 -0.403900057    
        -700        -450 -0.425445646    
        -650        -450 -0.450470030    
        -600        -450 -0.478851378    
        -550        -450 -0.507995665    
        -500        -450 -0.531982362    
        -450        -450 -0.544921935    
        -400        -450 -0.548645139    
        -350        -450 -0.543457150    
        -300        -450 -0.531616092    
        -250        -450 -0.514770627    
        -200        -450 -0.495697141    
        -150        -450 -0.477783263    
        -100        -450 -0.463836670    
         -50        -450 -0.453247011    
           0        -450 -0.440399230    
           0        -500 -0.449279726    
         -50        -500 -0.447387576    
        -100        -500 -0.458252013    
        -150        -500 -0.472473085    
        -200        -500 -0.488128543    
        -250        -500 -0.502776980    
        -300        -500 -0.512207031    
        -350        -500 -0.516082823    
        -400        -500 -0.514099181    
        -450        -500 -0.508727908    
        -500        -500 -0.501525879    
        -550        -500 -0.493621707    
        -600        -500 -0.484436035    
        -650        -500 -0.474243045    
        -700        -500 -0.463958859    
        -750        -500 -0.454895079    
        -800        -500 -0.446960509    
        -850        -500 -0.440338135    
        -900        -500 -0.434295744    
        -950        -500 -0.427398592    
       -1000        -500 -0.418975860    
       -1050        -500 -0.408905059    
       -1100        -500 -0.396148771    
       -1150        -500 -0.378967434    
       -1200        -500 -0.349975735    
       -1250        -500 -0.309326291    
       -1300        -500 -0.277740598    
       -1350        -500 -0.285736263    
       -1400        -500 -0.307251155    
       -1450        -500 -0.328155667    
       -1500        -500 -0.342559725    
       -1550        -500 -0.347992092    
       -1600        -500 -0.347930998    
       -1650        -500 -0.346008152    
       -1700        -500 -0.342620820    
       -1750        -500 -0.340362400    
       -1800        -500 -0.337829500    
       -1850        -500 -0.334686249    
       -1900        -500 -0.329956025    
       -1950        -500 -0.325317293    
       -2000        -500 -0.322326630    
       -2050        -500 -0.324218780    
       -2100        -500 -0.325378388    
       -2150        -500 -0.326293916    
       -2200        -500 -0.326904267    
       -2200        -550 -0.327453524    
       -2150        -550 -0.333099276    
       -2100        -550 -0.334258884    
       -2050        -550 -0.336212128    
       -2000        -550 -0.337493926    
       -1950        -550 -0.338928312    
       -1900        -550 -0.339599460    
       -1850        -550 -0.340026826    
       -1800        -550 -0.338958710    
       -1750        -550 -0.336852878    
       -1700        -550 -0.336975068    
       -1650        -550 -0.338348359    
       -1600        -550 -0.341094941    
       -1550        -550 -0.342285246    
       -1500        -550 -0.343566746    
       -1450        -550 -0.345245212    
       -1400        -550 -0.346435517    
       -1350        -550 -0.339446872    
       -1300        -550 -0.335357696    
       -1250        -550 -0.332092255    
       -1200        -550 -0.329773039    
       -1150        -550 -0.329131991    
       -1100        -550 -0.328826815    
       -1050        -550 -0.329498261    
       -1000        -550 -0.330322295    
        -950        -550 -0.332214445    
        -900        -550 -0.335266203    
        -850        -550 -0.339874238    
        -800        -550 -0.347076267    
        -750        -550 -0.358917326    
        -700        -550 -0.374572784    
        -650        -550 -0.395233244    
        -600        -550 -0.416381866    
        -550        -550 -0.434845001    
        -500        -550 -0.452941835    
        -450        -550 -0.472350895    
        -400        -550 -0.490356565    
        -350        -550 -0.503051758    
        -300        -550 -0.502502501    
        -250        -550 -0.494689822    
        -200        -550 -0.482055724    
        -150        -550 -0.468566895    
        -100        -550 -0.457092404    
         -50        -550 -0.447113097    
           0        -550 -0.440155149    
           0        -600 -0.435424954    
         -50        -600 -0.435363859    
        -100        -600 -0.441711426    
        -150        -600 -0.452057004    
        -200        -600 -0.466735840    
        -250        -600 -0.483032346    
        -300        -600 -0.498840392    
        -350        -600 -0.510620058    
        -400        -600 -0.516632080    
        -450        -600 -0.515625060    
        -500        -600 -0.508727908    
        -550        -600 -0.499694824    
        -600        -600 -0.489044070    
        -650        -600 -0.477966249    
        -700        -600 -0.467163205    
        -750        -600 -0.457092404    
        -800        -600 -0.448242307    
        -850        -600 -0.439910769    
        -900        -600 -0.430389553    
        -950        -600 -0.420532137    
       -1000        -600 -0.408538789    
       -1050        -600 -0.394866973    
       -1100        -600 -0.376678616    
       -1150        -600 -0.349334687    
       -1200        -600 -0.310516298    
       -1250        -600 -0.274536252    
       -1300        -600 -0.268219054    
       -1350        -600 -0.284698546    
       -1400        -600 -0.302673519    
       -1450        -600 -0.322296232    
       -1500        -600 -0.337951690    
       -1550        -600 -0.346832186    
       -1600        -600 -0.349273592    
       -1650        -600 -0.347869903    
       -1700        -600 -0.344634861    
       -1750        -600 -0.339996427    
       -1800        -600 -0.334747344    
       -1850        -600 -0.330688566    
       -1900        -600 -0.327056855    
       -1950        -600 -0.326355010    
       -2000        -600 -0.327056855    
       -2050        -600 -0.327758700    
       -2100        -600 -0.327819794    
       -2150        -600 -0.328369051    
       -2200        -600 -0.328216463    
       -2200        -650 -0.328186065    
       -2150        -650 -0.333770722    
       -2100        -650 -0.334228486    
       -2050        -650 -0.335998446    
       -2000        -650 -0.336761385    
       -1950        -650 -0.337615818    
       -1900        -650 -0.337646514    
       -1850        -650 -0.335845858    
       -1800        -650 -0.332641512    
       -1750        -650 -0.329131991    
       -1700        -650 -0.326843172    
       -1650        -650 -0.329589754    
       -1600        -650 -0.335144013    
       -1550        -650 -0.341613799    
       -1500        -650 -0.347503632    
       -1450        -650 -0.351165742    
       -1400        -650 -0.349578768    
       -1350        -650 -0.345550388    
       -1300        -650 -0.340698272    
       -1250        -650 -0.336517304    
       -1200        -650 -0.334045500    
       -1150        -650 -0.332580417    
       -1100        -650 -0.332244843    
       -1050        -650 -0.332244843    
       -1000        -650 -0.333221465    
        -950        -650 -0.334655851    
        -900        -650 -0.336883575    
        -850        -650 -0.340576082    
        -800        -650 -0.346160740    
        -750        -650 -0.354400486    
        -700        -650 -0.365814179    
        -650        -650 -0.380645603    
        -600        -650 -0.397613555    
        -550        -650 -0.413146824    
        -500        -650 -0.425445646    
        -450        -650 -0.438049316    
        -400        -650 -0.453064024    
        -350        -650 -0.459381223    
        -300        -650 -0.461547852    
        -250        -650 -0.460083067    
        -200        -650 -0.456817627    
        -150        -650 -0.449828982    
        -100        -650 -0.442809939    
         -50        -650 -0.436798245    
           0        -650 -0.435363859    
           0        -700 -0.424407929    
         -50        -700 -0.425903410    
        -100        -700 -0.427490383    
        -150        -700 -0.431610256    
        -200        -700 -0.438507080    
        -250        -700 -0.447204590    
        -300        -700 -0.456603944    
        -350        -700 -0.465179563    
        -400        -700 -0.472778261    
        -450        -700 -0.476501465    
        -500        -700 -0.477142215    
        -550        -700 -0.474395633    
        -600        -700 -0.471008301    
        -650        -700 -0.463928163    
        -700        -700 -0.457122803    
        -750        -700 -0.450103760    
        -800        -700 -0.443542480    
        -850        -700 -0.436950833    
        -900        -700 -0.430084378    
        -950        -700 -0.422058016    
       -1000        -700 -0.412200898    
       -1050        -700 -0.401306063    
       -1100        -700 -0.387817532    
       -1150        -700 -0.370330721    
       -1200        -700 -0.345184416    
       -1250        -700 -0.316924959    
       -1300        -700 -0.297638118    
       -1350        -700 -0.296661496    
       -1400        -700 -0.302490234    
       -1450        -700 -0.312347353    
       -1500        -700 -0.324340671    
       -1550        -700 -0.334228486    
       -1600        -700 -0.339782745    
       -1650        -700 -0.341033846    
       -1700        -700 -0.340209812    
       -1750        -700 -0.338287264    
       -1800        -700 -0.335449189    
       -1850        -700 -0.335266203    
       -1900        -700 -0.333435148    
       -1950        -700 -0.333435148    
       -2000        -700 -0.333923310    
       -2050        -700 -0.333709627    
       -2100        -700 -0.334228486    
       -2150        -700 -0.334319979    
       -2200        -700 -0.335144013    
       -2200        -750 -0.335235506    
       -2150        -750 -0.339996427    
       -2100        -750 -0.340118319    
       -2050        -750 -0.340881258    
       -2000        -750 -0.341125339    
       -1950        -750 -0.341094941    
       -1900        -750 -0.340454191    
       -1850        -750 -0.338226169    
       -1800        -750 -0.334258884    
       -1750        -750 -0.329315275    
       -1700        -750 -0.326690584    
       -1650        -750 -0.327270538    
       -1600        -750 -0.331085235    
       -1550        -750 -0.335388094    
       -1500        -750 -0.339569062    
       -1450        -750 -0.342346042    
       -1400        -750 -0.342620820    
       -1350        -750 -0.341339022    
       -1300        -750 -0.339569062    
       -1250        -750 -0.338195771    
       -1200        -750 -0.336975068    
       -1150        -750 -0.336242527    
       -1100        -750 -0.336669892    
       -1050        -750 -0.336852878    
       -1000        -750 -0.337676913    
        -950        -750 -0.338897616    
        -900        -750 -0.341156036    
        -850        -750 -0.343627840    
        -800        -750 -0.347228855    
        -750        -750 -0.352356046    
        -700        -750 -0.358215183    
        -650        -750 -0.365142733    
        -600        -750 -0.373504668    
        -550        -750 -0.382476658    
        -500        -750 -0.391143769    
        -450        -750 -0.398803562    
        -400        -750 -0.404998869    
        -350        -750 -0.410461336    
        -300        -750 -0.414794892    
        -250        -750 -0.417571872    
        -200        -750 -0.418945462    
        -150        -750 -0.418792874    
        -100        -750 -0.417602569    
         -50        -750 -0.415618926    
           0        -750 -0.419525117    
           0        -800 -0.405853301    
         -50        -800 -0.410064667    
        -100        -800 -0.410003573    
        -150        -800 -0.411316067    
        -200        -800 -0.415069669    
        -250        -800 -0.419982880    
        -300        -800 -0.425231963    
        -350        -800 -0.431426972    
        -400        -800 -0.437103420    
        -450        -800 -0.441558838    
        -500        -800 -0.444030643    
        -550        -800 -0.445220947    
        -600        -800 -0.444396913    
        -650        -800 -0.442291379    
        -700        -800 -0.439422607    
        -750        -800 -0.435760528    
        -800        -800 -0.430969208    
        -850        -800 -0.426208586    
        -900        -800 -0.420929104    
        -950        -800 -0.414825588    
       -1000        -800 -0.408477694    
       -1050        -800 -0.401000887    
       -1100        -800 -0.392639250    
       -1150        -800 -0.383972138    
       -1200        -800 -0.372894317    
       -1250        -800 -0.358917326    
       -1300        -800 -0.343963712    
       -1350        -800 -0.331695586    
       -1400        -800 -0.323089570    
       -1450        -800 -0.321624786    
       -1500        -800 -0.323761016    
       -1550        -800 -0.327362031    
       -1600        -800 -0.331573397    
       -1650        -800 -0.335144013    
       -1700        -800 -0.337005466    
       -1750        -800 -0.337524325    
       -1800        -800 -0.337432832    
       -1850        -800 -0.336944669    
       -1900        -800 -0.337219149    
       -1950        -800 -0.337402433    
       -2000        -800 -0.337463230    
       -2050        -800 -0.337676913    
       -2100        -800 -0.337738007    
       -2150        -800 -0.337920994    
       -2200        -800 -0.337920994    
       -2200        -850 -0.338012785    
       -2150        -850 -0.342468232    
       -2100        -850 -0.342559725    
       -2050        -850 -0.342987090    
       -2000        -850 -0.343170077    
       -1950        -850 -0.343078583    
       -1900        -850 -0.342987090    
       -1850        -850 -0.341980070    
       -1800        -850 -0.340881258    
       -1750        -850 -0.338470548    
       -1700        -850 -0.336456209    
       -1650        -850 -0.335205108    
       -1600        -850 -0.334808439    
       -1550        -850 -0.335357696    
       -1500        -850 -0.336334318    
       -1450        -850 -0.337768406    
       -1400        -850 -0.337860197    
       -1350        -850 -0.337982088    
       -1300        -850 -0.337829500    
       -1250        -850 -0.337676913    
       -1200        -850 -0.337524325    
       -1150        -850 -0.337371737    
       -1100        -850 -0.337524325    
       -1050        -850 -0.337707609    
       -1000        -850 -0.337920994    
        -950        -850 -0.338165373    
        -900        -850 -0.338745028    
        -850        -850 -0.339386076    
        -800        -850 -0.340698272    
        -750        -850 -0.342132658    
        -700        -850 -0.343994111    
        -650        -850 -0.346313328    
        -600        -850 -0.349426180    
        -550        -850 -0.352477938    
        -500        -850 -0.356048554    
        -450        -850 -0.359252900    
        -400        -850 -0.362029880    
        -350        -850 -0.364623874    
        -300        -850 -0.366088957    
        -250        -850 -0.367217869    
        -200        -850 -0.368285984    
        -150        -850 -0.369293302    
        -100        -850 -0.369934052    
         -50        -850 -0.370788485    
           0        -850 -0.374939054    
           0        -900 -0.368072599    
         -50        -900 -0.371642917    
        -100        -900 -0.372741729    
        -150        -900 -0.374450594    
        -200        -900 -0.376830906    
        -250        -900 -0.379943758    
        -300        -900 -0.383544773    
        -350        -900 -0.387359470    
        -400        -900 -0.391387850    
        -450        -900 -0.395019561    
        -500        -900 -0.398193210    
        -550        -900 -0.400543123    
        -600        -900 -0.402282685    
        -650        -900 -0.402740449    
        -700        -900 -0.402404875    
        -750        -900 -0.402130097    
        -800        -900 -0.400421232    
        -850        -900 -0.398681670    
        -900        -900 -0.396026582    
        -950        -900 -0.393005520    
       -1000        -900 -0.388702363    
       -1050        -900 -0.384246916    
       -1100        -900 -0.378753752    
       -1150        -900 -0.373382479    
       -1200        -900 -0.366668612    
       -1250        -900 -0.360046536    
       -1300        -900 -0.352966398    
       -1350        -900 -0.346344024    
       -1400        -900 -0.339965731    
       -1450        -900 -0.335723966    
       -1500        -900 -0.334777743    
       -1550        -900 -0.334411472    
       -1600        -900 -0.335876554    
       -1650        -900 -0.337188751    
       -1700        -900 -0.337982088    
       -1750        -900 -0.338470548    
       -1800        -900 -0.338592440    
       -1850        -900 -0.338592440    
       -1900        -900 -0.338745028    
       -1950        -900 -0.338745028    
       -2000        -900 -0.338562042    
       -2050        -900 -0.338165373    
       -2100        -900 -0.338745028    
       -2150        -900 -0.338867217    
       -2200        -900 -0.339080900    
       -2200        -950 -0.339080900    
       -2150        -950 -0.342803806    
       -2100        -950 -0.342987090    
       -2050        -950 -0.343200773    
       -2000        -950 -0.343444854    
       -1950        -950 -0.343719333    
       -1900        -950 -0.343719333    
       -1850        -950 -0.343108982    
       -1800        -950 -0.342743009    
       -1750        -950 -0.342040867    
       -1700        -950 -0.341277927    
       -1650        -950 -0.340454191    
       -1600        -950 -0.339263886    
       -1550        -950 -0.338592440    
       -1500        -950 -0.337890595    
       -1450        -950 -0.337463230    
       -1400        -950 -0.337341338    
       -1350        -950 -0.336944669    
       -1300        -950 -0.336852878    
       -1250        -950 -0.336792082    
       -1200        -950 -0.336456209    
       -1150        -950 -0.337036163    
       -1100        -950 -0.336792082    
       -1050        -950 -0.337463230    
       -1000        -950 -0.337920994    
        -950        -950 -0.338439852    
        -900        -950 -0.338714629    
        -850        -950 -0.339935333    
        -800        -950 -0.340667576    
        -750        -950 -0.342376739    
        -700        -950 -0.343322664    
        -650        -950 -0.344940037    
        -600        -950 -0.346679598    
        -550        -950 -0.348846525    
        -500        -950 -0.349945039    
        -450        -950 -0.351684600    
        -400        -950 -0.352905303    
        -350        -950 -0.354156405    
        -300        -950 -0.355133027    
        -250        -950 -0.355804473    
        -200        -950 -0.356140047    
        -150        -950 -0.356414825    
        -100        -950 -0.356933683    
         -50        -950 -0.357116669    
           0        -950 -0.359375089    
           0       -1000 -0.357513338    
         -50       -1000 -0.355987459    
        -100       -1000 -0.359130710    
        -150       -1000 -0.360107332    
        -200       -1000 -0.361724705    
        -250       -1000 -0.363433868    
        -300       -1000 -0.365844578    
        -350       -1000 -0.368102998    
        -400       -1000 -0.370483309    
        -450       -1000 -0.373290986    
        -500       -1000 -0.375030547    
        -550       -1000 -0.377410859    
        -600       -1000 -0.378356785    
        -650       -1000 -0.379547089    
        -700       -1000 -0.379791170    
        -750       -1000 -0.379913360    
        -800       -1000 -0.378997833    
        -850       -1000 -0.378173798    
        -900       -1000 -0.377166778    
        -950       -1000 -0.375060946    
       -1000       -1000 -0.372985810    
       -1050       -1000 -0.370666593    
       -1100       -1000 -0.368102998    
       -1150       -1000 -0.364990145    
       -1200       -1000 -0.362213165    
       -1250       -1000 -0.358612150    
       -1300       -1000 -0.355346709    
       -1350       -1000 -0.351867586    
       -1400       -1000 -0.347869903    
       -1450       -1000 -0.343933016    
       -1500       -1000 -0.341308624    
       -1550       -1000 -0.338623136    
       -1600       -1000 -0.337707609    
       -1650       -1000 -0.337219149    
       -1700       -1000 -0.336883575    
       -1750       -1000 -0.337310642    
       -1800       -1000 -0.337036163    
       -1850       -1000 -0.336883575    
       -1900       -1000 -0.337158054    
       -1950       -1000 -0.336975068    
       -2000       -1000 -0.337188751    
       -2050       -1000 -0.337219149    
       -2100       -1000 -0.337341338    
       -2150       -1000 -0.337249845    
       -2200       -1000 -0.337219149    
