Smoothed Y1	
40 pts AAv smooth of "conn1c"	
0.0305221684323468
0.0310708455846636
0.0312405818818798
0.0306284440664027
0.0299524768940687
0.0293065318435809
0.0285199606862245
0.0278510786046694
0.0272162781456125
0.0267392596158601
0.0264976813470431
0.0262361804274795
0.0259746665779487
0.0255683286787667
0.0251030832668459
0.0246633503406882
0.0241402421867163
0.0236226870219726
0.0231125782352792
0.0225912857446938
0.0220709917818705
0.0215532434183521
0.0210274636028222
0.0204962173412769
0.0199632781195601
0.019432966689895
0.0189045983569196
0.018377678657416
0.0178508188282887
0.017324339741798
0.016798945825358
0.0162750623913926
0.0157511420855031
0.0152252987316407
0.0146966334007986
0.0141669904600672
0.0136378812425562
0.0131071883224611
0.0125789723772305
0.012055406834732
0.0115407238800272
0.0110421672614162
0.0105653603941913
0.0101105490946632
0.00968017246853219
0.00927412715615638
0.00889394039362896
0.00853524330489861
0.00819278634834594
0.00786710658977181
0.00755770951157752
0.00726474885575718
0.00699455718618064
0.00673268038474949
0.00648598709779435
0.00625136866475643
0.00602757232523534
0.0058160054656873
0.00561606099613692
0.00542627901557214
0.00524479190944425
0.00507136163552275
0.00490491709737554
0.00474540989550648
0.0045931697856903
0.0044466746111856
0.00430472424813264
0.00416674255388538
0.00403333326419076
0.00390467638933943
0.00378190485269322
0.00366439657870811
0.00355166924740151
0.0034433373373064
0.00333935459744945
0.00323999387701342
0.00314394453093107
0.00305138831911652
0.00296210772719775
0.00287562501013729
0.00279172577101974
0.00271085783618216
0.00263280905607913
0.00255784967510867
0.00248649982134784
0.00242066415190865
0.00235884908471023
0.00230040324877483
0.00224473938892697
0.00219161800352471
0.00214084338135638
0.00209242513749429
0.00204640618102943
0.00200244513901587
0.00196043015944939
0.00192024668126392
0.00188122913408252
0.00184360305643574
0.00180703179454794
0.00177146349794088
0.00173699913043486
0.00170416285727255
0.00167291297660252
0.00164303419801296
0.00161428853425858
0.00158631201558905
0.00155886153524747
0.00153224922678946
0.00150626147698431
0.00148095731214764
0.00145590781128956
0.00143103014143399
0.00140713185444184
0.00138326216198912
0.00135992744585548
0.00133730803075284
0.00131547021245556
0.00129448345399863
0.00127398706559455
0.00125399023298094
0.00123452695230277
0.00121546588226897
0.00119682160262005
0.0011786450903598
0.0011608766410998
0.00114352023673221
0.00112643238065375
0.0011095466936703
0.00109298031104409
0.00107685436357745
0.00106107555907899
0.00104568888760966
0.00103076164449365
0.00101622926187535
0.00100203040637247
9.88074480152986E-4
9.74412700223764E-4
9.61094746162176E-4
9.47959039846282E-4
9.35155301080398E-4
9.2263166699656E-4
9.10475157980139E-4
8.98591169181384E-4
8.87007403018418E-4
8.75594161737689E-4
8.64510581944897E-4
8.53774961115703E-4
8.43257101341897E-4
8.32840934147903E-4
8.22500406745547E-4
8.12320566555941E-4
8.02189479125023E-4
7.92563695191543E-4
7.83077661269525E-4
7.7373563179806E-4
7.64542986307765E-4
7.55540181171575E-4
7.46766483557371E-4
7.38304443697254E-4
7.30257128881648E-4
7.22412000215205E-4
7.14420347104406E-4
7.06517995146868E-4
6.99270511203232E-4
6.92610431565728E-4
6.85738538315291E-4
6.79036992247711E-4
6.72813407217807E-4
6.65736743966849E-4
6.57976148969549E-4
6.51702476965416E-4
6.46258836481418E-4
6.38785140303296E-4
6.31756203711192E-4
6.25698660529336E-4
6.20088125366163E-4
6.1631601977488E-4
6.0009521470287E-4
6.05073484124117E-4
6.20006521588415E-4
6.08997324441946E-4
