Smoothed Y2	
40 pts AAv smooth of "conn2c"	
0.0377505320532439
0.0365539619321399
0.0382899331117173
0.0390938823334435
0.0401149292677934
0.0404813345541759
0.0403172445671125
0.0390214134880252
0.0375990445928235
0.0363224825077689
0.0353105942029348
0.0342555215240167
0.0331270972454804
0.0321050075629635
0.0311439963791626
0.030232509707064
0.0293115018372854
0.0283966135473576
0.0275103182786616
0.0266429599482083
0.0257777962116149
0.0249132742340167
0.0240417232988747
0.023161219125074
0.0222724359116497
0.0213923590200812
0.0205361873847032
0.0197077794920735
0.0189030569946095
0.0181411683633052
0.0174250521209148
0.0167594255956249
0.0161359456954484
0.0155638555105347
0.0150350172102906
0.0145289246357679
0.0140480041457134
0.0135853728263422
0.0131331408695471
0.0127020373174614
0.012280938862104
0.0118774870197851
0.011502242292629
0.0111513386009131
0.0108147739429264
0.0104905105210162
0.0101781632870466
0.00987867060916754
0.00959515230910897
0.00932793998633332
0.00907677582300826
0.00884470810544289
0.00862824949248313
0.00842591652957037
0.00823445591222921
0.0080522259525356
0.00787877773163743
0.007713428067388
0.0075572837494783
0.00741044286221765
0.00726978779419785
0.00713429366803188
0.00700251427370617
0.00687301081890662
0.00674869045480901
0.00662968439957334
0.00651426166693069
0.00640379593613527
0.00630057739780177
0.00620291870288112
0.00611049700066366
0.00602371393131728
0.00594159676544941
0.00586175200422542
0.00578312756955804
0.00570637529094261
0.00563253086936979
0.00556821240798361
0.00550133715014158
0.00543490896566607
0.00536949375560325
0.0053049111946984
0.00524099051927053
0.00517641646887287
0.00511137903794871
0.00504628721213111
0.00498064583043484
0.00491451910898499
0.0048468475870965
0.00477831110842359
0.00470892881370959
0.0046399844106757
0.00457140239479892
0.00450413896969947
0.00443802977563735
0.00437336930265149
0.00430944129222932
0.00424640063526279
0.00418380808627042
0.0041216672646695
0.00405931858714755
0.0039969731979464
0.00393366549485643
0.00386975969334625
0.00380500752877455
0.00373937844689532
0.00367398932342889
0.00360897091361775
0.00354414652254219
0.00348034441655738
0.00341940098614195
0.00336036411838196
0.00330313059510086
0.0032479548254795
0.00319500507945672
0.00314393483843172
0.00309445355837643
0.00304654914726884
0.00299975239274006
0.00295368364783695
0.00290858148511879
0.00286456352495987
0.00282201163597994
0.00278054522140756
0.00274068822641968
0.00270164047150535
0.00266274626021451
0.00262422089786998
0.00258594378262687
0.00254776762022564
0.00250898653391868
0.00246987459765228
0.00243134118121483
0.00239316900156849
0.00235534040928268
0.00231800488370964
0.0022813580104949
0.00224563656516399
0.00221068768553287
0.00217656733275422
0.00214299087200001
0.00211003925662688
0.00207783915146917
0.00204628765708054
0.00201512112599645
0.00198448769245625
0.00195428400963211
0.00192441651465328
0.0018952692980469
0.00186700765494155
0.00183938623313266
0.00181251663738244
0.00178668477767415
0.00176140408419679
0.00173681072037853
0.00171305839966538
0.00169036303564155
0.00166879376133126
0.00164835375900234
0.00162911823684978
0.00161052906092197
0.00159236905000503
0.00157387576084344
0.00155540074113445
0.00153742063677382
0.0015210126231905
0.00150357426464394
0.00148619123122743
0.00146842140382874
0.00145085665712796
0.00143336189593858
0.00141586982914095
0.00139995096277722
0.00138522141767259
0.00137429323043799
0.00136143611634938
0.00133800741655332
0.00132066634577217
0.00131218803983649
0.00133943942231822
