Smoothed Y3	
40 pts AAv smooth of "conn3c"	
0.0830291838998431
0.0823104753625834
0.0814459356671907
0.0809707586111094
0.0793132752422183
0.077129855361874
0.0745858147650818
0.0720384530067518
0.069487744348693
0.0670193861059427
0.0650884932208371
0.0630322463763001
0.0610499471008681
0.0591523973366806
0.0572361741782972
0.0553997352287912
0.0536255321129742
0.0519136254037839
0.0502248319372517
0.0485499736133909
0.0468737648998856
0.0451927157013074
0.0435387275685896
0.0419133121075962
0.0403358910478316
0.0388107700200362
0.0373398428540993
0.0359310365084605
0.0345907850952399
0.0333178886046411
0.0320969768979965
0.0309314829761808
0.0298157883925659
0.0287411222311253
0.0277111105839744
0.0267168347239424
0.0257594437071995
0.0248299664363102
0.023931357334292
0.0230584915812594
0.0222099603111126
0.0214075033177455
0.0206372194423309
0.0198993657943553
0.0191873812297088
0.0185026613471119
0.0178476161967763
0.0172226191905079
0.0166218143994463
0.0160412664493791
0.0154811440083263
0.0149444274433924
0.0144265903498658
0.0139274131445974
0.0134519077069771
0.012998113997092
0.0125651033497772
0.0121519445522089
0.011758648932553
0.0113850050531141
0.0110266318149077
0.0106820354164583
0.0103475245206852
0.0100225892667442
0.00970717627303923
0.00940401766433326
0.00911191002567725
0.00883708999932115
0.0085777081117183
0.00833029649055895
0.0080947674025432
0.00787069751437316
0.00765702810973837
0.00745359928226025
0.00725981311328113
0.00707546907580443
0.00690126649940661
0.00673582438983267
0.00657770197094381
0.00642614398181254
0.00628143741362544
0.00614345960964562
0.00601155580742193
0.00588438840879569
0.00576168016231368
0.00564302753850873
0.00552826926678118
0.00541835390490825
0.00531265836864351
0.00521070583051929
0.00511077648193225
0.00501326297647175
0.00491745142318338
0.00482403010053951
0.00473359300116807
0.0046458956635106
0.00456097439897541
0.00447747057735121
0.00439563009762897
0.00431560568641608
0.00423757386761569
0.00416163014427928
0.00408779950733818
0.00401572140763245
0.00394529748939745
0.00387636538612029
0.00380855007339463
0.00374157284187029
0.00367572431729497
0.00361156363661919
0.00354905652902128
0.00348777642061115
0.00342716898238978
0.00336755517525125
0.00330897025305042
0.00325158482609046
0.00319549414136625
0.00314094820460168
0.00308792030195085
0.00303631016722515
0.0029864786113131
0.00293830958981949
0.00289154522368497
0.00284610825872491
0.00280211004652333
0.00275875490660434
0.00271654868049412
0.00267589218651295
0.00263660256155938
0.00259881787398797
0.00256276482610096
0.00252854941645537
0.00249548238725837
0.00246342284468028
0.00243214388064398
0.00240166556266119
0.00237197863533013
0.00234343027789899
0.00231578769607047
0.0022893493820127
0.00226422404825454
0.00224047721616629
0.0022179251506034
0.0021964686599703
0.00217586054407034
0.00215591121787316
0.00213652207904761
0.00211740869667788
0.00209887441504461
0.00208103371047705
0.00206333900298892
0.00204570020942167
0.00202821171561179
0.00201094492792586
0.00199342529542154
0.00197604689960752
0.00195857761444459
0.00194121251344793
0.00192379641857592
0.00190635495040896
0.00188881538093272
0.00187117120077454
0.00185366568103495
0.00183624747450301
0.00181932464158975
0.00180236424436927
0.00178558642914632
0.00176795261368327
0.00175107234704222
0.00173351415524255
0.00171772460855057
0.00170151737260778
0.00168231000058009
0.00165914851702221
0.00163557932045914
0.00161683244168452
0.00159053607762143
0.00157616001133512
0.00156796264372861
0.0015610856527329
0.00155435966047215
0.00154791249578414
0.00154333973761545
