Smoothed Y4	
40 pts AAv smooth of "conn4c"	
0.0773502173642526
0.0811392429172574
0.0779482730354268
0.0730127224835508
0.0703740344992035
0.0671004088151803
0.064179375962474
0.0615196099698901
0.059129787592079
0.0569375220147692
0.0548381995203065
0.0528213629804405
0.050883467567812
0.0490653993690843
0.0473732668669308
0.0456061500849231
0.0439139221977548
0.0422929562385358
0.0407081203889912
0.0391409292770443
0.0375921988044716
0.0360321547789709
0.0345233104694139
0.0330914805704714
0.0317533038208577
0.0305087395141914
0.0293143627846877
0.0281614691836025
0.0270548360226836
0.0260118720447637
0.0250229001850463
0.0240736195776266
0.0231692345023921
0.0223084777133801
0.0214845795977183
0.0206941561707938
0.0199462701472512
0.0192369678700322
0.0185651814752867
0.017929235695445
0.0173287224862797
0.0167635886766619
0.0162277407535507
0.0157221859180772
0.0152424028922129
0.0147878273371201
0.0143566301332882
0.0139517658510428
0.0135707245925126
0.0132218687715792
0.0128925982016311
0.0125722770639716
0.012266149372326
0.0119704225463642
0.0116845958179467
0.0114108609117896
0.0111479270595694
0.0108952489182289
0.0106525035120698
0.0104181007059283
0.0101904375739762
0.0099729935476647
0.00976208947954616
0.00955538895517587
0.00935125410424312
0.00914853039429714
0.00894883470582882
0.00875211882750539
0.00855945104154876
0.00836973170165775
0.0081828900724528
0.00799823965400975
0.00781536094577554
0.00763513866617511
0.0074564540938163
0.0072796395584501
0.00710607489490373
0.00693674197865019
0.00677202440940879
0.00661230060571861
0.00645758161950858
0.00630674933992766
0.0061590658356323
0.00601564704444809
0.00587687914124074
0.00574260994821346
0.00561189774569911
0.00548436167671105
0.00536192513491521
0.00524529249747266
0.00513423619517176
0.0050285988910023
0.00492680876618377
0.00482822740981891
0.00473260750463102
0.00463952243042393
0.00454928886951513
0.00446179146845454
0.0043779383689382
0.00429693825493108
0.00421895235526708
0.00414388869882927
0.00407110221509367
0.00400037057177528
0.00393103926831627
0.00386357065586739
0.00379833523389053
0.00373476954250755
0.00367305190294426
0.00361312000677488
0.00355533740218234
0.00349934226230336
0.00344494138246561
0.0033927080846513
0.003342745128222
0.00329461809461528
0.00324776305585184
0.00320155316307659
0.00315602035054513
0.0031118005908762
0.00306903852094051
0.00302692668344802
0.00298549982738951
0.00294374990743935
0.00290223428354112
0.00286127107904463
0.00282119669220984
0.00278191834236747
0.00274293472476636
0.00270505256433329
0.00266813951189937
0.00263239017767589
0.00259689887383665
0.00256234839369724
0.00252828992181973
0.00249455979314973
0.00246186386432954
0.00243002958621726
0.00239904762108033
0.00236891252256123
0.00233981953293244
0.00231135105704656
0.00228389054857574
0.00225717137873904
0.0022309803523786
0.00220559647975297
0.00218092316991722
0.0021570764914929
0.00213414247220674
0.00211196095944984
0.00209051382569923
0.00206958558314697
0.00204929330079438
0.00202972145732778
0.00201038724891277
0.00199156855710552
0.00197350332236051
0.00195576230408578
0.001938114787367
0.00192042822374243
0.00190382677728383
0.00188973455039253
0.00187302064470766
0.00185801816325137
0.00184042951055847
0.00183193267078513
0.0018168777910894
0.00180074281423942
0.00178429623883758
0.00177134544646683
0.0017592116594898
0.00174254844226337
0.0017216949846892
0.00170567069015449
0.00169803085485962
0.00168420056677339
0.00165748905807955
0.00158489319246111
