Smoothed Y5	
40 pts AAv smooth of "conn5c"	
0.0608997324441946
0.062740696854357
0.0624436889107919
0.061476870848013
0.0615121209413421
0.0610689774888325
0.0616923298756949
0.0607678968618647
0.0595152597740109
0.0583181532609554
0.0568031950174371
0.0552926849233848
0.0537226884002091
0.0521631187556254
0.0506907642265933
0.0490856273767565
0.0475612216466271
0.0460809519528611
0.0446221400779606
0.0431889528884876
0.0417862934066016
0.0403914106541679
0.0389844802769774
0.037585780604865
0.036197190753302
0.0348244063789434
0.0334670759353946
0.0321159653493492
0.0307827324337953
0.0294965620029401
0.0282354547119664
0.0270013745256193
0.0258160344278336
0.0246940237238261
0.0236589129406723
0.0226774938060317
0.0217457682905626
0.0208562107271195
0.020019045777569
0.0192291558597808
0.018492460302665
0.0177955848489768
0.0171371852841306
0.0165175080876479
0.0159338492858082
0.0153839650874998
0.0148629046217314
0.0143667140196791
0.0138994561563714
0.013468300877046
0.0130616208651576
0.0126693800963768
0.0122883656353204
0.0119214522569492
0.011568260180612
0.0112284266047843
0.0109013852723552
0.0105836799197496
0.0102757196534493
0.00997532046502299
0.00968201253128385
0.00939935485442748
0.00912595238198899
0.0088627934775732
0.00860940349160822
0.00836862782086915
0.00814187188978761
0.00792944584495349
0.0077296138407853
0.00753685770330656
0.00735100487402977
0.00717126295019236
0.00700123066561479
0.00683806295283568
0.00667966446529693
0.0065276456460923
0.00638143316393731
0.00624331081574954
0.00611473450564226
0.00599142945111329
0.00587450766005891
0.00576129105986408
0.00565260511105915
0.0055493760706312
0.00545019707392614
0.00535584636306157
0.00526505834209232
0.00517795539076679
0.00509528855753845
0.0050150427345253
0.0049372853337723
0.00486355801695858
0.00479587688880489
0.00473142718909033
0.00466941405857316
0.00461000084506428
0.00455054973677078
0.0044916679283258
0.00443371478112412
0.00437605561465038
0.0043184228246643
0.00426110957914403
0.00420310677047982
0.0041443848996494
0.00408611798657953
0.0040281244619201
0.0039695865267853
0.00391050443345828
0.00385230581209797
0.00379407151318394
0.00373714903941306
0.0036806989653128
0.00362420034190843
0.00356789776395937
0.00351139386278914
0.00345615747313631
0.00340140535469226
0.00334739060693317
0.00329322981652771
0.00324155273431998
0.00319425783910767
0.00314668661815174
0.00310005594229025
0.00305358042740886
0.00300718588712182
0.00296125479382471
0.0029152269178156
0.00286957773571798
0.00282460704423804
0.00278035424359756
0.00273792475440667
0.0026956448350105
0.00265587829250061
0.00261929737440567
0.0025846081012955
0.00255227401444338
0.00252279560502087
0.00249585479669213
0.0024702961325212
0.00244662983302635
0.00242439035258772
0.00240348241472674
0.00238351010188022
0.00236414403796981
0.00234581367922378
0.00232872715769717
0.00231295414409771
0.00229792124364259
0.00228369950246463
0.00227066324430764
0.00225832483260209
0.00224702698495769
0.00223686091934939
0.00222773665567589
0.00221890107913667
0.00221065927440389
0.00220330013305628
0.0021966899895601
0.00219083336594635
0.00218594256447143
0.00218161156234856
0.00217764291402922
0.0021731683141987
0.00217220447162962
0.00217300713090646
0.00217006655207426
0.00217112340960163
0.00216701143185315
0.00217360281810846
0.00217579078445909
0.0021737533638861
0.0021741839534274
0.00217942849276077
0.0021743330569981
0.00218547034666594
0.00218753661263678
0.00217819464507224
0.00216656428466489
0.00215323180011463
0.00214180819566982
0.00216080404719426
