Smoothed Y6	
40 pts AAv smooth of "conn6c"	
0.537983840344369
0.506129250476528
0.523621969047586
0.531871660952678
0.523328428645364
0.507575548332422
0.482607394617292
0.46224367746601
0.442161967206466
0.423494066385282
0.402818949213177
0.381654075895244
0.362971909355579
0.345864894501339
0.330137455871999
0.315698504425761
0.301623966098238
0.288217791158553
0.275044471525196
0.261995368936775
0.248965688414636
0.235925091718414
0.223226710867893
0.210771302723745
0.198607104550723
0.187010295625036
0.176063359309749
0.165842526247445
0.156401690011997
0.147600632723469
0.139548226040563
0.132189426804236
0.125348688933591
0.118977391888663
0.112936081509251
0.107290924171319
0.102118649879928
0.0972959756394011
0.0928775955613861
0.088881419317424
0.0851847759050513
0.0817663385838372
0.0784907613438817
0.0752943219247307
0.0721777205563172
0.0691552779055893
0.066236660710278
0.0634162045470155
0.0606884352155853
0.0580638177511789
0.0555506018262605
0.0531915367249309
0.05095762641243
0.0488271931105873
0.0468102855410607
0.044923494718708
0.043157577273651
0.0414901059412003
0.0399198874720945
0.0384329348108125
0.0369883506253179
0.0355680065668597
0.0341773662464652
0.032830976248434
0.0315392571182866
0.0302938055983119
0.0290929837669832
0.0279459519074576
0.0268445145975371
0.025791916179607
0.0247673798310412
0.0237800855177025
0.0228453903073495
0.0219473411974497
0.0210751098809608
0.0202445299874739
0.0194589513745916
0.0187166017022105
0.0180120021062224
0.0173402451178723
0.0167015077055837
0.0160937354975527
0.0155232020081686
0.0149879370506167
0.0144947824489972
0.0140351780974754
0.0136018134313443
0.0131916999062704
0.0128094028625502
0.0124487155331409
0.0121020141340076
0.0117748080509231
0.0114665698122208
0.0111791674991908
0.010911093770362
0.01065707478298
0.0104193588510262
0.0101957165843368
0.00999169389770501
0.00980088651318852
0.0096185677371351
0.00944429737845614
0.0092736638274705
0.00910910528147312
0.00895045238805606
0.00879309699241524
0.00864072876644085
0.00849609148030892
0.0083560012540139
0.00822161176526948
0.00808923399355328
0.00795874784798241
0.0078295116977772
0.00770071366103009
0.00757185875531057
0.00744454277345608
0.00731958689173503
0.00719600950167664
0.00707472702933466
0.00695546502696729
0.00683900307963865
0.00672388786046683
0.00660873046553431
0.00649275150538181
0.00637855113387387
0.00626588798342491
0.00615680771730767
0.0060493828163058
0.0059430611064887
0.00583853644922789
0.00573438079833693
0.00562911316677493
0.0055246090450075
0.00542454849082797
0.00532840913279478
0.00523760521784212
0.0051511098292524
0.00506734231183282
0.00498571278163875
0.00490501134995625
0.00482617934398117
0.00474893493314566
0.00466975580737318
0.00458786440848564
0.00450445076538085
0.00442460338128876
0.00434976271401109
0.00427577800541068
0.00420190208788267
0.00413102905943714
0.00406376978640271
0.00399997062707106
0.00393838895183145
0.00387946209932752
0.00382310175015448
0.00376917035948583
0.00371612715621606
0.00366427711359299
0.00361404349760391
0.00356535515982347
0.0035182184706639
0.00347234561742442
0.00342745022985936
0.00338580246701106
0.00334154659141397
0.00329982666057046
0.00325578980896204
0.00320892389669094
0.00316271275381193
0.00312693011298712
0.00309456991265805
0.00307520727181275
0.00307060261482758
0.00306352363030313
0.00304329345794339
0.00302752314188042
0.00301100998055579
0.00299916901299989
0.00300652447644562
0.00299893998542554
0.00297219242557814
0.00297219242557814
