Smoothed Y1	
40 pts AAv smooth of "disc2c"	
0.0046690741303711
0.00457434723991589
0.00455506414603726
0.00455821047969513
0.00453818139426657
0.00456923507382177
0.00456911400980503
0.00454462978517204
0.00449853224195527
0.00445094710625442
0.00439824520472135
0.00434957959935424
0.00430162772637957
0.00425647864811165
0.00423039010090791
0.00420314897425906
0.00417049678511242
0.00413743357405388
0.00410248001817123
0.00406595028848541
0.00403483309905291
0.00400007048919328
0.00396430008014363
0.00392741403027484
0.0038897943970292
0.00385133598926299
0.00381232992355986
0.00377262620204593
0.00373281918618247
0.0036927670567171
0.0036524554317661
0.00361329474795547
0.00357422292175886
0.00353529274224623
0.00349646395244519
0.0034583044616098
0.00342009831893112
0.00338177487010565
0.00334333590930361
0.00330497658126982
0.00326623652489846
0.00322685336316308
0.00318687233181735
0.00314631738698804
0.00310499313079441
0.00306248577455436
0.00301940772501401
0.00297531431018829
0.00293052492078221
0.00288623427660858
0.00284257247747974
0.00279974105836819
0.00275734851443197
0.00271506609111514
0.00267329685537331
0.00263183162305547
0.00259129114501117
0.00255074791961403
0.00251132238217738
0.00247145740486419
0.00243249534157725
0.00239723400786257
0.00235982242353316
0.00232253032751593
0.00228486326444372
0.00224701766318546
0.00220945416571396
0.00217201916195382
0.00213509325384797
0.00209864491017407
0.00206243157243442
0.00202686363941802
0.00199181120463246
0.00195705246362016
0.00192253139270961
0.00188806664889615
0.00185344155021412
0.00181918443196363
0.00178577937976304
0.00175389123446859
0.00172240989841026
0.00169240325600175
0.00166267060010597
0.00163344873357772
0.00160494388355415
0.00157711315776364
0.00155024721747032
0.00152382036227344
0.00149672031809426
0.00146964160204376
0.00144286340607615
0.00141644569771114
0.00139030045654492
0.00136453678564496
0.00133904306883011
0.00131378764746967
0.00128898722501336
0.00126450289150236
0.00124065163527963
0.0012171800386233
0.00119459575319137
0.00117263171708127
0.00115112022306119
0.00112976322018066
0.00110860950176256
0.00108770256999327
0.0010668435017304
0.00104615476034576
0.00102541185966004
0.00100478209000189
9.8457863184696E-4
9.65359944783219E-4
9.46479574239797E-4
9.28150361382174E-4
9.10097530165548E-4
8.92317109962565E-4
8.74899795065391E-4
8.57937294115047E-4
8.41254476953292E-4
8.24829473486804E-4
8.0908808239855E-4
7.94701341481938E-4
7.80503418736729E-4
7.67315388322613E-4
7.54213815717524E-4
7.41430051263047E-4
7.29076328580016E-4
7.1724539026365E-4
7.06444716567511E-4
6.96179808337338E-4
6.85333776649618E-4
6.74695570995711E-4
6.64345680525849E-4
6.5433793888894E-4
6.44611693361293E-4
6.35262776181846E-4
6.26180795569699E-4
6.17446651043773E-4
6.0914728179058E-4
6.01213522880934E-4
5.93472794871311E-4
5.85972776291279E-4
5.78753202960648E-4
5.71833058172177E-4
5.65144772040695E-4
5.58674197749288E-4
5.52340052725537E-4
5.46201489219078E-4
5.4016487090269E-4
5.34140628496966E-4
5.28179466882137E-4
5.22305986692324E-4
5.16530189764088E-4
5.11328896279569E-4
5.06390893829486E-4
5.01634222225486E-4
4.97125922222066E-4
4.92756728151725E-4
4.88590185197119E-4
4.84601955232083E-4
4.8070723343178E-4
4.76930673494735E-4
4.7327441111397E-4
4.69592430723658E-4
4.66101503528443E-4
4.62655991242368E-4
4.58590073362141E-4
4.55020921667184E-4
4.51441877320186E-4
4.48441752069944E-4
4.4520310936104E-4
4.41712941122532E-4
4.38653038474183E-4
4.35588425357253E-4
4.31927511129821E-4
4.30227355408034E-4
4.28616620079658E-4
4.27761311392435E-4
4.26138452495782E-4
4.24157751184919E-4
4.20615727883809E-4
4.19912651480027E-4
4.27335754210933E-4
