Smoothed Y2	
40 pts AAv smooth of "disc3c"	
0.00251188643150959
0.00248978756075796
0.00253036754575066
0.00250085276246339
0.00243907571951409
0.00238881472730201
0.00233282307932334
0.0022757239764048
0.00220968585151027
0.00214880963271988
0.00210473906690946
0.0020577581525476
0.0020077564871305
0.00195944407026524
0.00191243061337765
0.00186560823589586
0.00181829292561499
0.00177230653359774
0.00172735425890173
0.00168288445682562
0.00163848867823304
0.00159399636740766
0.00154980975336822
0.0015060024861664
0.00146289763698448
0.00142078842441608
0.00138027617292456
0.00134105422402844
0.00130286053355718
0.00126549519915764
0.00122898440279036
0.00119344495452938
0.00115897922614945
0.00112533399600511
0.00109269982359033
0.00106088348702159
0.00102988591725878
9.99541194866619E-4
9.69469452559833E-4
9.39749700913925E-4
9.10755609712225E-4
8.82701975248817E-4
8.55843550983974E-4
8.29997159732553E-4
8.05015813685281E-4
7.80748714831508E-4
7.57155484216585E-4
7.34261157534701E-4
7.121722115896E-4
6.90911519850777E-4
6.7036666896405E-4
6.50527177823288E-4
6.31310026345676E-4
6.12664014736447E-4
5.94494987351423E-4
5.76848547838141E-4
5.59847373267654E-4
5.43465171857051E-4
5.27670793635652E-4
5.12522174831693E-4
4.97852139971507E-4
4.83730751580781E-4
4.70052169961301E-4
4.56826206694905E-4
4.44092857607195E-4
4.31836009910569E-4
4.20075526008679E-4
4.08715935246741E-4
3.97730679980693E-4
3.87121826647909E-4
3.76868117695015E-4
3.66889299750373E-4
3.5730131257113E-4
3.48025980564802E-4
3.39079621791272E-4
3.30449397819576E-4
3.22076073892882E-4
3.13940891544887E-4
3.06052105022905E-4
2.98641360647108E-4
2.91688583264594E-4
2.85294858540611E-4
2.79045445016685E-4
2.72906800935673E-4
2.66979819764913E-4
2.61199884996806E-4
2.55597025900175E-4
2.50127059348684E-4
2.44787787763918E-4
2.39586569697171E-4
2.34536206005659E-4
2.29658659794138E-4
2.24923051912611E-4
2.20315861388715E-4
2.15819054555644E-4
2.1144099650668E-4
2.07188541406149E-4
2.0306226064442E-4
1.99055856707181E-4
1.9518783932286E-4
1.91415671531158E-4
1.87735663287497E-4
1.84145110162835E-4
1.80646528159699E-4
1.77268129811681E-4
1.73993365289328E-4
1.70848706723867E-4
1.67798822540909E-4
1.64823642695097E-4
1.61906698444606E-4
1.59031095502133E-4
1.56197371962385E-4
1.53426134969882E-4
1.50708231690644E-4
1.48072812819391E-4
1.45495829247258E-4
1.42968404809992E-4
1.40487330289946E-4
1.38054719071218E-4
1.35695468222416E-4
1.33409155880885E-4
1.31421379885805E-4
1.29748262452057E-4
1.28435232289611E-4
1.27139969238526E-4
1.25862316466289E-4
1.24666865774109E-4
1.23525811748528E-4
1.22432596169536E-4
1.21409196102843E-4
1.20446002375989E-4
1.19538554069174E-4
1.18683317359422E-4
1.17891923448621E-4
1.17163572634696E-4
1.16499792820378E-4
1.15891055159262E-4
1.15329975166636E-4
1.14814218570783E-4
1.1431858538753E-4
1.13839530162538E-4
1.13401894583662E-4
1.1301317866227E-4
1.12661756156572E-4
1.12345187130028E-4
1.12060483743521E-4
1.11809977590326E-4
1.11588663099402E-4
1.11370203417038E-4
1.11152606381952E-4
1.1095377771881E-4
1.10785290203647E-4
1.10633829915256E-4
1.10496346647452E-4
1.10363112430437E-4
1.10238427662226E-4
1.10136919621344E-4
1.10028363865992E-4
1.09932611550839E-4
1.09862882350171E-4
1.09829166153271E-4
1.09820791404127E-4
1.09836078548866E-4
1.09855054823648E-4
1.09895746786365E-4
1.09964139639387E-4
1.10141406164205E-4
1.10180049778831E-4
1.10252691697494E-4
1.10454636821395E-4
1.1086117923385E-4
1.11286935596323E-4
1.11182608754633E-4
1.11284409502933E-4
1.1161380898861E-4
1.12376339765098E-4
1.12540765510091E-4
1.12660929191933E-4
1.13835257356775E-4
1.15912419430809E-4
1.17281839557915E-4
