Smoothed Y3	
40 pts AAv smooth of "disc4c"	
0.00185879189114656
0.00193238224336164
0.00191638042083035
0.00189076232486901
0.00187284761445121
0.001851464397358
0.001831850465539
0.00180599322680674
0.00177366903692211
0.00174176187122605
0.00171301033984107
0.00168852200564655
0.00166347579789047
0.00163983479645267
0.00161956003375249
0.00159151169958286
0.00156584198668287
0.0015412982396141
0.00151742347388599
0.00149385266799221
0.00147003152227446
0.00144617887356957
0.00142204040311208
0.001398152362172
0.00137458758460665
0.00135130160033289
0.00132825280320263
0.00130542868516863
0.0012827148120796
0.00126027271322166
0.0012381508741358
0.00121637000824016
0.00119497862954461
0.00117405010700829
0.00115363368798075
0.00113362432728319
0.00111390039481251
0.00109429927080221
0.00107466033609115
0.00105500593916073
0.00103535544251327
0.00101575751121586
9.96272634627688E-4
9.77303207801316E-4
9.58537629946154E-4
9.40211435336819E-4
9.21902966922062E-4
9.03712620835941E-4
8.85689986762773E-4
8.67819914368526E-4
8.50881225284157E-4
8.33704318395734E-4
8.1680515922549E-4
7.99995504043108E-4
7.83449675805321E-4
7.67198868807053E-4
7.51175641413222E-4
7.3544461318159E-4
7.20154728750674E-4
7.05298590652051E-4
6.90911381162465E-4
6.76900532431657E-4
6.63210298056118E-4
6.49805486303235E-4
6.36669759973052E-4
6.23750578475863E-4
6.11195909534858E-4
5.9897122848501E-4
5.87042915844754E-4
5.75428468851445E-4
5.64048650825961E-4
5.52915303145775E-4
5.42068438698154E-4
5.31535614181511E-4
5.21362846946942E-4
5.11553367875002E-4
5.02119640519431E-4
4.93062912349327E-4
4.84294217415868E-4
4.75747063199117E-4
4.67388859129111E-4
4.59235435119465E-4
4.51382107265647E-4
4.4382046267743E-4
4.36859027607108E-4
4.30755404419236E-4
4.24582471427081E-4
4.18771459435797E-4
4.12841747263523E-4
4.06882899448098E-4
4.00885536880093E-4
3.94987310302342E-4
3.89162883548878E-4
3.83757519159655E-4
3.78032066105248E-4
3.72408488236457E-4
3.67494015122581E-4
3.62508817406843E-4
3.57463681415057E-4
3.52348311675343E-4
3.47261322809907E-4
3.42227592994389E-4
3.37285881065973E-4
3.32392226551353E-4
3.27530031525041E-4
3.22681729946291E-4
3.17881216699134E-4
3.13123648814442E-4
3.08408544422644E-4
3.03703448912536E-4
2.99002052469417E-4
2.94308522971289E-4
2.89657804882809E-4
2.85079014464253E-4
2.80570688833271E-4
2.76148191350307E-4
2.71826093369512E-4
2.67604243858725E-4
2.63475758031336E-4
2.59405850389816E-4
2.55382192806639E-4
2.514001694325E-4
2.47456686220409E-4
2.43609844467562E-4
2.39918151605948E-4
2.36421284469743E-4
2.33379720648967E-4
2.30943430903213E-4
2.28337951267486E-4
2.25800824263609E-4
2.23298080878218E-4
2.20873193077669E-4
2.18604034405898E-4
2.16512678457527E-4
2.1449251982438E-4
2.1286232740778E-4
2.10848964064373E-4
2.08911558786286E-4
2.07659951110153E-4
2.06382877611863E-4
2.05038568155907E-4
2.03644640459603E-4
2.02223744129153E-4
2.0080888481967E-4
1.99410995875879E-4
1.97989729632009E-4
1.96553159393326E-4
1.95108234392315E-4
1.93641030489608E-4
1.92169742300046E-4
1.90702396753352E-4
1.89226478924943E-4
1.87745277237851E-4
1.86258833162041E-4
1.84795845432932E-4
1.8335710990223E-4
1.81943788790184E-4
1.80569856651032E-4
1.7918054944609E-4
1.77877056403261E-4
1.76526040532968E-4
1.75058121366801E-4
1.73737555671254E-4
1.72533286408417E-4
1.7115035511362E-4
1.69479739726202E-4
1.68284932348886E-4
1.67372706101789E-4
1.66171642196172E-4
1.65126028741348E-4
1.64455805443365E-4
1.63807718299547E-4
1.62689575436663E-4
1.6234826097321E-4
1.6241015767549E-4
1.61962328146355E-4
1.58983860189157E-4
1.55706840475373E-4
