Smoothed Y4	
40 pts AAv smooth of "disc5c"	
0.00146347266623945
0.00147220327555414
0.00147922130505126
0.00146750039382136
0.00145274724630104
0.00142512135309663
0.00140322711033568
0.00138329077495368
0.00136472481003164
0.00134611294888942
0.00132715924585431
0.00130626341956309
0.00128744132801005
0.0012681051741656
0.00124771280783452
0.00122725447488103
0.00120743387315236
0.00118782791076565
0.00116770808716361
0.00114763650373561
0.00112766258237186
0.00110778867630898
0.0010878284842347
0.00106795007791432
0.00104810540690027
0.00102835987251239
0.00100902572765909
9.89888883949539E-4
9.71096491697682E-4
9.52731448081515E-4
9.34633555891364E-4
9.16543471126061E-4
8.98656044954952E-4
8.810480037132E-4
8.63591108027671E-4
8.46387038236563E-4
8.293721869682E-4
8.12714671436568E-4
7.96346828001589E-4
7.80317072654215E-4
7.64642967360011E-4
7.4933562827817E-4
7.34367770086342E-4
7.1967290982059E-4
7.0529102884371E-4
6.9124030636754E-4
6.77544528171968E-4
6.64136778214423E-4
6.5112635198723E-4
6.38416309287389E-4
6.25929105390515E-4
6.13694154187356E-4
6.01727214510519E-4
5.9006964175668E-4
5.78631055721394E-4
5.67507617297625E-4
5.56652164374725E-4
5.46028509384165E-4
5.35554225004251E-4
5.2522985211331E-4
5.15049379981616E-4
5.04992869180715E-4
4.95040260761479E-4
4.85269767097727E-4
4.75706784606225E-4
4.66364149483553E-4
4.5722946382355E-4
4.48263659189923E-4
4.39508261875567E-4
4.30942059797724E-4
4.22573407534857E-4
4.14522328941651E-4
4.06685955400239E-4
3.99053706779716E-4
3.91640807855847E-4
3.84540084106538E-4
3.77643456245992E-4
3.70962856051977E-4
3.64467364588999E-4
3.58183037356834E-4
3.5208993779609E-4
3.46160266095478E-4
3.40473943314881E-4
3.35001722304034E-4
3.29743922799651E-4
3.24715365586833E-4
3.19902674506202E-4
3.15241401120652E-4
3.10735342107909E-4
3.06361895556284E-4
3.02172452115691E-4
2.98130442810798E-4
2.94229114962763E-4
2.90496122116998E-4
2.86925810775408E-4
2.83446376652954E-4
2.80078622429203E-4
2.7682279318789E-4
2.73661685886639E-4
2.70615379182601E-4
2.67668150242846E-4
2.64833924669901E-4
2.62055544588246E-4
2.59320169131178E-4
2.56627347421902E-4
2.53979822413297E-4
2.51376566889004E-4
2.48837885520944E-4
2.46390189512392E-4
2.44024770371437E-4
2.4170689213232E-4
2.39464109475404E-4
2.37227591834142E-4
2.35059705080328E-4
2.32925240546874E-4
2.30829208700037E-4
2.28790845731499E-4
2.26867664826473E-4
2.24998681206808E-4
2.23201487793953E-4
2.21492644741081E-4
2.19857008069664E-4
2.18249580251952E-4
2.16690132632432E-4
2.15205906453766E-4
2.13770877155403E-4
2.12372083131477E-4
2.11003350204789E-4
2.097053160111E-4
2.08466697089139E-4
2.07281677457024E-4
2.06144000138569E-4
2.05036305455481E-4
2.03955340175908E-4
2.02907283665782E-4
2.0190675249742E-4
2.0093564434008E-4
1.99995770858889E-4
1.99099960085851E-4
1.98229669430387E-4
1.97349427114636E-4
1.96461757627844E-4
1.95577352435323E-4
1.94705492910558E-4
1.93811620176236E-4
1.92909961787888E-4
1.92021518719621E-4
1.91113229759826E-4
1.90190780386539E-4
1.89293289552108E-4
1.88420829381463E-4
1.8758175592211E-4
1.86750391653663E-4
1.85919718360681E-4
1.85151086471888E-4
1.84418853380402E-4
1.83567730965427E-4
1.82690425982131E-4
1.81804270158026E-4
1.80930172809762E-4
1.80050815980252E-4
1.79171070342248E-4
1.78240841479248E-4
1.77551796781192E-4
1.76729644205127E-4
1.7579506298122E-4
1.75013341720546E-4
1.74275578298009E-4
1.73543786359365E-4
1.72288028193747E-4
1.71379167244833E-4
1.70750120006672E-4
1.70433844083398E-4
1.69156399103389E-4
1.68632052143178E-4
1.66754388416826E-4
1.64908185965236E-4
1.60570246295596E-4
1.62294486931779E-4
1.65665001677977E-4
