Smoothed Y5	
40 pts AAv smooth of "disc6c"	
0.00104527549532043
0.00102414762784902
0.00102898845703158
0.00102840769571703
0.00101937779847268
0.00101633637971168
0.00101312290679131
0.00100696491601806
9.98887432402409E-4
9.91954334852589E-4
9.86901860054091E-4
9.79586461812962E-4
9.72012860051862E-4
9.62927167119155E-4
9.5316106344571E-4
9.436545974474E-4
9.34172409135407E-4
9.24423100910842E-4
9.14641822513556E-4
9.04728036910587E-4
8.94856607057622E-4
8.84989893812414E-4
8.74904623677133E-4
8.64440179654587E-4
8.53756344616253E-4
8.42967963229591E-4
8.32037356476879E-4
8.21025620693374E-4
8.09914492853489E-4
7.98731057877664E-4
7.87375068646331E-4
7.75718406541844E-4
7.64434592070687E-4
7.53141740636186E-4
7.42035000329089E-4
7.30999549476356E-4
7.19928693948658E-4
7.0879099218659E-4
6.97685788669217E-4
6.86641470205922E-4
6.7572921652325E-4
6.65064714696109E-4
6.54609284984628E-4
6.44308748551066E-4
6.34192490201164E-4
6.24279975882288E-4
6.14510103277927E-4
6.04835391665539E-4
5.95297992138024E-4
5.85875195165084E-4
5.76545049888242E-4
5.67371208056384E-4
5.58298158896512E-4
5.49386739456365E-4
5.4068612528984E-4
5.32108258432395E-4
5.23657253192785E-4
5.15348072104255E-4
5.07110346199902E-4
4.98959007941039E-4
4.90960095359299E-4
4.83104747662756E-4
4.7534458300425E-4
4.67689313304338E-4
4.60129779300479E-4
4.52658569879099E-4
4.45258706003451E-4
4.3794057229522E-4
4.30761761460776E-4
4.23733913077653E-4
4.16804302609332E-4
4.10025491530292E-4
4.03397950273565E-4
3.96975943841941E-4
3.90758848048672E-4
3.84688685877657E-4
3.788250740982E-4
3.73095726481179E-4
3.67461180002934E-4
3.61881966000171E-4
3.56388349343494E-4
3.51011090813324E-4
3.45795195941615E-4
3.40709477183771E-4
3.35797458724119E-4
3.31035688364295E-4
3.2640825532152E-4
3.21885212923196E-4
3.17475092794562E-4
3.13107944224572E-4
3.08840023145377E-4
3.04670537520473E-4
3.00595316663393E-4
2.96587193624214E-4
2.92667081915765E-4
2.88883099020659E-4
2.85203623322206E-4
2.8158107087791E-4
2.7805139776594E-4
2.74575065464734E-4
2.71132096670222E-4
2.67744273891229E-4
2.64453589341426E-4
2.61234381639527E-4
2.58133830365204E-4
2.55139172533039E-4
2.52229851314721E-4
2.49392135869191E-4
2.46622337745909E-4
2.43913436831671E-4
2.41267737963408E-4
2.38720972923146E-4
2.36268387152826E-4
2.33923513735772E-4
2.31693056246795E-4
2.29588686265911E-4
2.27593131844589E-4
2.2566741960236E-4
2.23809004557804E-4
2.21997909636044E-4
2.2023140808377E-4
2.18478898980822E-4
2.16744743333911E-4
2.15054552670402E-4
2.13417686096053E-4
2.11812269597763E-4
2.102641174941E-4
2.08803000692371E-4
2.07414515065872E-4
2.06090615326138E-4
2.04819204253606E-4
2.03562402431774E-4
2.02318242073629E-4
2.01097871774174E-4
1.99894628984898E-4
1.98689327686696E-4
1.97489153124856E-4
1.96323834580295E-4
1.95159436161272E-4
1.94020103526151E-4
1.9290745270203E-4
1.91798189741998E-4
1.90683877227642E-4
1.89571897022967E-4
1.88446694228332E-4
1.87313952780003E-4
1.86187263323982E-4
1.85052872867276E-4
1.83910255797401E-4
1.82769523557465E-4
1.81630529715647E-4
1.80494041662795E-4
1.79360589512153E-4
1.78255537101414E-4
1.77164187169951E-4
1.76086257650591E-4
1.75044644432501E-4
1.74012419564357E-4
1.73005726242897E-4
1.72005391543351E-4
1.71017651141841E-4
1.70044968827375E-4
1.69045569616885E-4
1.68087089631197E-4
1.66831297279622E-4
1.65691240227163E-4
1.64669994365721E-4
1.63659853147034E-4
1.62813157814067E-4
1.61731516408604E-4
1.60207245451652E-4
1.58993309321306E-4
1.57931122818679E-4
1.56982501609377E-4
1.56910025681093E-4
1.56063590386463E-4
1.54558260480722E-4
1.52434791518161E-4
1.51627396293043E-4
1.52973211609136E-4
