Smoothed Y6	
40 pts AAv smooth of "disc7c"	
9.4825049246811E-4
9.53907451271084E-4
9.61885501943438E-4
9.51023559406596E-4
9.48045821567385E-4
9.39284089868549E-4
9.22291429390362E-4
9.28693117814801E-4
9.4879160795847E-4
9.40899991034448E-4
9.33380443521531E-4
9.24560612447178E-4
9.15254155989019E-4
9.06424032978192E-4
8.9763030631943E-4
8.89144729256149E-4
8.8077000593851E-4
8.71796655035876E-4
8.62796235671314E-4
8.54017294952133E-4
8.45310556239594E-4
8.3668330449042E-4
8.27757877911039E-4
8.18683336743991E-4
8.09454805551631E-4
8.00098136652691E-4
7.90788999026224E-4
7.81292440334552E-4
7.71522604179607E-4
7.61851568588609E-4
7.51871519093159E-4
7.4173593209962E-4
7.3138291738345E-4
7.21128141936791E-4
7.10012968098367E-4
6.98913915848696E-4
6.8823068309489E-4
6.77627146454335E-4
6.68591747082985E-4
6.59686272240377E-4
6.50900664673731E-4
6.42259120097027E-4
6.33673139339095E-4
6.25204795145977E-4
6.16769540522997E-4
6.08357319043386E-4
5.99960169539422E-4
5.91647536730759E-4
5.83401277988549E-4
5.75214604963404E-4
5.67107162511768E-4
5.59063092887156E-4
5.51195218937639E-4
5.43487793283362E-4
5.35860688459419E-4
5.28334317865441E-4
5.20894221054881E-4
5.13519158167422E-4
5.06165013601485E-4
4.98898587942817E-4
4.91707195719493E-4
4.84619700389941E-4
4.77653615826806E-4
4.70805606486162E-4
4.63996035252008E-4
4.57318978124733E-4
4.50811157101692E-4
4.44452231805906E-4
4.38287249258698E-4
4.32239221743228E-4
4.26223717573326E-4
4.20314932835999E-4
4.14442879201743E-4
4.08681650783761E-4
4.03012250547355E-4
3.97389360897847E-4
3.91820699761448E-4
3.86291931904724E-4
3.80814987913035E-4
3.75396521493481E-4
3.70041378139146E-4
3.6480947042795E-4
3.59731754519302E-4
3.54760473448402E-4
3.49865650780184E-4
3.45116297716335E-4
3.40486066354609E-4
3.35964368208258E-4
3.31531928368206E-4
3.27215087730553E-4
3.23584082260578E-4
3.19866501636672E-4
3.16155404340707E-4
3.12448763766752E-4
3.08782216098464E-4
3.05156190014269E-4
3.015396099227E-4
2.97965816358626E-4
2.94476539806431E-4
2.91034585788793E-4
2.87645931620686E-4
2.84305108089835E-4
2.81012922033423E-4
2.77785063792743E-4
2.74626506321652E-4
2.71514088412553E-4
2.68443825234186E-4
2.65426929829204E-4
2.62492967024362E-4
2.59619818830647E-4
2.56810045115834E-4
2.54042676739659E-4
2.51298742952737E-4
2.4857781240774E-4
2.4588835383999E-4
2.43273006602538E-4
2.4074212469369E-4
2.3823077544952E-4
2.35778487624776E-4
2.33365335023165E-4
2.30979551555506E-4
2.28628566156106E-4
2.26297361574567E-4
2.23985132716453E-4
2.21707870070616E-4
2.19437836942029E-4
2.17191373094084E-4
2.14985588092202E-4
2.12802826440554E-4
2.10663043635382E-4
2.08577777058097E-4
2.06539421367064E-4
2.05146399515238E-4
2.03681575037853E-4
2.02230500687501E-4
2.00784100394942E-4
1.99338841210034E-4
1.97929879938608E-4
1.9652609543635E-4
1.95138950080451E-4
1.93779030335817E-4
1.92451437435645E-4
1.9116847417269E-4
1.89916274735744E-4
1.8870354938911E-4
1.87507649427955E-4
1.86321849441364E-4
1.85147151312923E-4
1.84003894175367E-4
1.82890778622749E-4
1.81830422836537E-4
1.80803496920038E-4
1.79788237153612E-4
1.78769263860822E-4
1.77781990036633E-4
1.76753122812783E-4
1.75896353633936E-4
1.75024811957961E-4
1.74137434004492E-4
1.73250416863489E-4
1.72352017838318E-4
1.71472635872309E-4
1.70630690130112E-4
1.69903312207202E-4
1.69281347280772E-4
1.68604315033041E-4
1.6797841795896E-4
1.67153766730514E-4
1.66425504751367E-4
1.65590801943003E-4
1.64550035724511E-4
1.63601041035106E-4
1.62790053834992E-4
1.62977567315681E-4
1.63103155631187E-4
1.62677724974068E-4
1.62219814782035E-4
1.61365959308058E-4
1.51640291667404E-4
1.54333973761545E-4
