0 0 0.02804706
1 0 0.027963502
2 0 0.02863969
3 0 0.030133761
4 0 0.029346151
5 0 0.028689403
6 0 0.030537821
7 0 0.033211935
8 0 0.0373077
9 0 0.042968675
10 0 0.049974643
11 0 0.05746743
12 0 0.06096529
13 0 0.06216306
14 0 0.06223948
15 0 0.060328316
16 0 0.056615125
17 0 0.05222858
18 0 0.049754668
19 0 0.04606467
20 0 0.041931305
20 1 0.040357795
19 1 0.040192023
18 1 0.04151406
17 1 0.04346673
16 1 0.04653538
15 1 0.050253943
14 1 0.0539476
13 1 0.057591703
12 1 0.061071735
11 1 0.06345556
10 1 0.06466774
9 1 0.06387476
8 1 0.06150436
7 1 0.057808746
6 1 0.05261311
5 1 0.047324944
4 1 0.04234928
3 1 0.037965182
2 1 0.03462724
1 1 0.032407477
0 1 0.031231191
0 2 0.030285131
1 2 0.030024385
2 2 0.029949432
3 2 0.029908905
4 2 0.029957002
5 2 0.03035276
6 2 0.03131127
7 2 0.03448295
8 2 0.039518915
9 2 0.04570773
10 2 0.052707106
11 2 0.060073186
12 2 0.06375464
13 2 0.06577493
14 2 0.06588016
15 2 0.064466566
16 2 0.0615881
17 2 0.058112707
18 2 0.05441001
19 2 0.05063554
20 2 0.046634015
20 3 0.044433296
19 3 0.044966996
18 3 0.046804916
17 3 0.048635755
16 3 0.051365044
15 3 0.05451353
14 3 0.057501856
13 3 0.06011054
12 3 0.06278587
11 3 0.06446998
10 3 0.064646006
9 3 0.06347729
8 3 0.06016889
7 3 0.053245932
6 3 0.04675462
5 3 0.040934466
4 3 0.03672395
3 3 0.0335198
2 3 0.031853758
1 3 0.03068968
0 3 0.030118626
0 4 0.029917939
1 4 0.029878143
2 4 0.029930634
3 4 0.028984804
4 4 0.030161839
5 4 0.029815398
6 4 0.030672833
7 4 0.033490747
8 4 0.038179293
9 4 0.04407709
10 4 0.051419
11 4 0.058226477
12 4 0.062733136
13 4 0.065890655
14 4 0.06549709
15 4 0.06394654
16 4 0.060879104
17 4 0.057506252
18 4 0.05393271
19 4 0.051164847
20 4 0.04812549
20 5 0.04640745
19 5 0.04741357
18 5 0.04920046
17 5 0.04927004
16 5 0.051119436
15 5 0.05366708
14 5 0.057079732
13 5 0.059886657
12 5 0.06281614
11 5 0.064765394
10 5 0.0646443
9 5 0.06320238
8 5 0.059841003
7 5 0.05288997
6 5 0.046454567
5 5 0.0412206
4 5 0.03698592
3 5 0.03421122
2 5 0.032614514
1 5 0.031714354
0 5 0.030981675
0 6 0.030716535
1 6 0.03064207
2 6 0.030493386
3 6 0.03063621
4 6 0.030538065
5 6 0.030861069
6 6 0.031658933
7 6 0.03382254
8 6 0.038479593
9 6 0.04438984
10 6 0.051710997
11 6 0.058509685
12 6 0.06297679
13 6 0.065550566
14 6 0.066056676
15 6 0.0645503
16 6 0.06158883
17 6 0.058234777
18 6 0.05517882
19 6 0.05206525
20 6 0.049256857
20 7 0.047982667
19 7 0.048383065
18 7 0.048410654
17 7 0.04820435
16 7 0.04971243
15 7 0.05310677
14 7 0.056293342
13 7 0.059732605
12 7 0.06265501
11 7 0.06452686
10 7 0.064596444
9 7 0.06305785
8 7 0.05920159
7 7 0.05374081
6 7 0.047414545
5 7 0.041237447
4 7 0.0371534
3 7 0.034651898
2 7 0.032446053
1 7 0.031895265
0 7 0.031697508
0 8 0.031321768
1 8 0.03134423
2 8 0.031511467
3 8 0.03160156
4 8 0.03161352
5 8 0.03152514
6 8 0.032344002
7 8 0.034870896
8 8 0.039202504
9 8 0.045334432
10 8 0.052593824
11 8 0.059115406
12 8 0.06373291
13 8 0.06617118
14 8 0.0667083
15 8 0.06560867
16 8 0.06339892
17 8 0.059772644
18 8 0.05707143
19 8 0.054472025
20 8 0.05223786
20 9 0.05126299
19 9 0.051154345
18 9 0.050477333
17 9 0.049325705
16 9 0.05038822
15 9 0.053890716
14 9 0.05704921
13 9 0.060337104
12 9 0.06309008
11 9 0.06394043
10 9 0.06493092
9 9 0.063281
8 9 0.059526056
7 9 0.054186374
6 9 0.048250005
5 9 0.041833892
4 9 0.038287695
3 9 0.035645563
2 9 0.034058627
1 9 0.033096943
0 9 0.03229688
0 10 0.03200635
1 10 0.032039065
2 10 0.032204106
3 10 0.032210454
4 10 0.032258794
5 10 0.03306203
6 10 0.033303976
7 10 0.03582477
8 10 0.04010584
9 10 0.04569284
10 10 0.0524593
11 10 0.058849044
12 10 0.06304979
13 10 0.06503102
14 10 0.06521853
15 10 0.06342431
16 10 0.05976019
17 10 0.056088015
18 10 0.051950503
19 10 0.04865919
20 10 0.04574728
