0 0 0.030798323
1 0 0.031057604
2 0 0.030294165
3 0 0.030494362
4 0 0.031066881
5 0 0.032481454
6 0 0.037702724
7 0 0.04697435
8 0 0.055945437
9 0 0.06378906
10 0 0.068895586
11 0 0.070898786
12 0 0.0712611
13 0 0.06862068
14 0 0.064536385
15 0 0.06027216
16 0 0.05553698
17 0 0.051788878
18 0 0.048047367
19 0 0.044520944
20 0 0.04165884
20 1 0.04020911
19 1 0.039863158
18 1 0.04021741
17 1 0.04302849
16 1 0.046571024
15 1 0.052657545
14 1 0.060164984
13 1 0.06604471
12 1 0.07218079
11 1 0.0734877
10 1 0.07291322
9 1 0.07020737
8 1 0.065716825
7 1 0.060897417
6 1 0.056188114
5 1 0.05186969
4 1 0.04809595
3 1 0.044599805
2 1 0.04191031
1 1 0.040299933
0 1 0.038813826
0 2 0.038056247
1 2 0.038184423
2 2 0.038241796
3 2 0.038688093
4 2 0.04008338
5 2 0.04308904
6 2 0.048041508
7 2 0.054759625
8 2 0.061518032
9 2 0.06804523
10 2 0.07304311
11 2 0.07515105
12 2 0.07551629
13 2 0.07325259
14 2 0.06950375
15 2 0.06542947
16 2 0.061064165
17 2 0.057762846
18 2 0.055192493
19 2 0.052946124
20 2 0.05111333
20 3 0.049825225
19 3 0.049358908
18 3 0.050327186
17 3 0.051415827
16 3 0.05441807
15 3 0.059134692
14 3 0.065428
13 3 0.07231873
12 3 0.075591736
11 3 0.07630024
10 3 0.074545816
9 3 0.070744246
8 3 0.06428687
7 3 0.059484553
6 3 0.0548441
5 3 0.051268607
4 3 0.0485337
3 3 0.04567111
2 3 0.04364178
1 3 0.042066075
0 3 0.040478647
0 4 0.039821655
1 4 0.039397087
2 4 0.039515253
3 4 0.04028211
4 4 0.041583642
5 4 0.04513082
6 4 0.051656798
7 4 0.058703046
8 4 0.06482497
9 4 0.07020127
10 4 0.07406265
11 4 0.07581561
12 4 0.07543841
13 4 0.07271547
14 4 0.0685904
15 4 0.063468255
16 4 0.058105137
17 4 0.05431797
18 4 0.051227592
19 4 0.04899953
20 4 0.04709447
20 5 0.046560038
19 5 0.046857405
18 5 0.04782837
17 5 0.049930207
16 5 0.05338021
15 5 0.058244545
14 5 0.06454493
13 5 0.07154309
12 5 0.07486907
11 5 0.07624579
10 5 0.07547503
9 5 0.07275404
8 5 0.06819391
7 5 0.06366919
6 5 0.05890007
5 5 0.054533795
4 5 0.05046293
3 5 0.047376946
2 5 0.04517086
1 5 0.043524105
0 5 0.042087313
0 6 0.04148794
1 6 0.04183902
2 6 0.042551678
3 6 0.043620296
4 6 0.04578415
5 6 0.0493821
6 6 0.054443702
7 6 0.062255103
8 6 0.065270044
9 6 0.069186606
10 6 0.07456364
11 6 0.07660566
12 6 0.07654365
13 6 0.07390738
14 6 0.07006601
15 6 0.06530813
16 6 0.06055293
17 6 0.05676405
18 6 0.053860933
19 6 0.050829146
20 6 0.048693616
20 7 0.0475227
19 7 0.047228504
18 7 0.047730222
17 7 0.04995975
16 7 0.053698085
15 7 0.059193533
14 7 0.06518142
13 7 0.07175256
12 7 0.07550946
11 7 0.07672505
10 7 0.075875185
9 7 0.073254295
8 7 0.068850905
7 7 0.064429455
6 7 0.06008051
5 7 0.055039905
4 7 0.05166827
3 7 0.048926286
2 7 0.047007065
1 7 0.045478724
0 7 0.044529732
0 8 0.044011414
1 8 0.043462824
2 8 0.04393793
3 8 0.044749707
4 8 0.046282448
5 8 0.049494166
6 8 0.053286947
7 8 0.058661297
8 8 0.06407886
9 8 0.069587976
10 8 0.07387467
11 8 0.07563153
12 8 0.07497869
13 8 0.07273549
14 8 0.068328194
15 8 0.063672364
16 8 0.058596354
17 8 0.05505431
18 8 0.052791335
19 8 0.050844528
20 8 0.049299337
20 9 0.04891823
19 9 0.049233664
18 9 0.04965408
17 9 0.051691953
16 9 0.054653913
15 9 0.059129078
14 9 0.06485988
13 9 0.071326286
12 9 0.075551204
11 9 0.07691597
10 9 0.07598236
9 9 0.0731227
8 9 0.06923397
7 9 0.064774185
6 9 0.060475778
5 9 0.056894667
4 9 0.05340438
3 9 0.050731245
2 9 0.048516367
1 9 0.047167957
0 9 0.045534875
0 10 0.044658642
1 10 0.044211857
2 10 0.044195257
3 10 0.044875443
4 10 0.046765365
5 10 0.049530298
6 10 0.053937104
7 10 0.058760177
8 10 0.06429688
9 10 0.069488615
10 10 0.072781146
11 10 0.07560736
12 10 0.075479425
13 10 0.07283461
14 10 0.06883699
15 10 0.06371118
16 10 0.05838737
17 10 0.05425669
18 10 0.050939012
19 10 0.04866139
20 10 0.047111806
