0 0 0.041452296
1 0 0.0418627
2 0 0.041724272
3 0 0.041274313
4 0 0.042815596
5 0 0.04387201
6 0 0.046244115
7 0 0.048628673
8 0 0.052269354
9 0 0.057335593
10 0 0.0630371
11 0 0.06705205
12 0 0.06908211
13 0 0.06927035
14 0 0.06775714
15 0 0.06482155
16 0 0.061130818
17 0 0.058069736
18 0 0.055724
19 0 0.05335067
20 0 0.051763974
20 1 0.051525936
19 1 0.051197316
18 1 0.050789595
17 1 0.051450495
16 1 0.053665616
15 1 0.05680214
14 1 0.06026557
13 1 0.06425904
12 1 0.06744976
11 1 0.06896444
10 1 0.06808527
9 1 0.06573953
8 1 0.06132369
7 1 0.056372687
6 1 0.05214533
5 1 0.048958514
4 1 0.04676463
3 1 0.04506319
2 1 0.04407538
1 1 0.04341839
0 1 0.043106128
0 2 0.042798996
1 2 0.042880293
2 2 0.04294768
3 2 0.042767745
4 2 0.042967454
5 2 0.04328484
6 2 0.04419257
7 2 0.046892807
8 2 0.05063505
9 2 0.056386117
10 2 0.063114494
11 2 0.06773663
12 2 0.06978354
13 2 0.0698519
14 2 0.068024725
15 2 0.064601816
16 2 0.060536083
17 2 0.05623499
18 2 0.053030107
19 2 0.05032401
20 2 0.048297614
20 3 0.047399893
19 3 0.0471787
18 3 0.046671856
17 3 0.047808837
16 3 0.05031644
15 3 0.05443101
14 3 0.058621503
13 3 0.063129626
12 3 0.06687968
11 3 0.068574294
10 3 0.06834382
9 3 0.066325724
8 3 0.062464334
7 3 0.05808658
6 3 0.054067966
5 3 0.05076982
4 3 0.048339117
3 3 0.046384986
2 3 0.044962604
1 3 0.044274114
0 3 0.043459404
0 4 0.04347381
1 4 0.04354974
2 4 0.043600276
3 4 0.043610286
4 4 0.04369134
5 4 0.044060733
6 4 0.04545382
7 4 0.048300788
8 4 0.051909484
9 4 0.0573019
10 4 0.063564695
11 4 0.06808307
12 4 0.07002622
13 4 0.070112154
14 4 0.06817219
15 4 0.06510475
16 4 0.060954545
17 4 0.056849014
18 4 0.0536683
19 4 0.051229056
20 4 0.04889821
20 5 0.048556406
19 5 0.04811182
18 5 0.04781958
17 5 0.04917263
16 5 0.05236823
15 5 0.056042604
14 5 0.06011298
13 5 0.06411255
12 5 0.06842072
11 5 0.06947079
10 5 0.06897737
9 5 0.06639408
8 5 0.06252024
7 5 0.05777188
6 5 0.053468592
5 5 0.050158482
4 5 0.04737548
3 5 0.0460737
2 5 0.044761673
1 5 0.044322457
0 5 0.044054385
0 6 0.04397748
1 6 0.043909606
2 6 0.043871764
3 6 0.04386908
4 6 0.043940615
5 6 0.044044618
6 6 0.04483882
7 6 0.047065172
8 6 0.050502483
9 6 0.055528924
10 6 0.06282469
11 6 0.067502744
12 6 0.07019638
13 6 0.07072178
14 6 0.06891609
15 6 0.066189244
16 6 0.06182785
17 6 0.05785196
18 6 0.054729354
19 6 0.052257147
20 6 0.050205115
20 7 0.049520776
19 7 0.049189474
18 7 0.049002703
17 7 0.05039994
16 7 0.05315291
15 7 0.056648817
14 7 0.060516063
13 7 0.0648296
12 7 0.068203926
11 7 0.0698309
10 7 0.06915121
9 7 0.0670562
8 7 0.06273924
7 7 0.058162756
6 7 0.05236628
5 7 0.050992478
4 7 0.048416268
3 7 0.04701024
2 7 0.045977265
1 7 0.045358114
0 7 0.04492354
0 8 0.044728957
1 8 0.044636182
2 8 0.044535104
3 8 0.044623487
4 8 0.044575877
5 8 0.045109577
6 8 0.046335425
7 8 0.048748303
8 8 0.05231452
9 8 0.05775064
10 8 0.06438135
11 8 0.06869392
12 8 0.07121716
13 8 0.070918806
14 8 0.06908993
15 8 0.06616117
16 8 0.0618674
17 8 0.05819791
18 8 0.054801133
19 8 0.0524488
20 8 0.05037211
20 9 0.0499075
19 9 0.04969241
18 9 0.04955764
17 9 0.05027787
16 9 0.052991044
15 9 0.056324348
14 9 0.060270455
13 9 0.064787365
12 9 0.06826496
11 9 0.06992002
10 9 0.06960629
9 9 0.06748565
8 9 0.06375342
7 9 0.059300225
6 9 0.055299673
5 9 0.05202399
4 9 0.049787626
3 9 0.047954593
2 9 0.046644267
1 9 0.045849577
0 9 0.04530416
0 10 0.045018513
1 10 0.044948198
2 10 0.045065142
3 10 0.045233358
4 10 0.045199912
5 10 0.045542933
6 10 0.046787336
7 10 0.049419947
8 10 0.05264729
9 10 0.05790982
10 10 0.06440748
11 10 0.06866023
12 10 0.07068614
13 10 0.07090001
14 10 0.06903499
15 10 0.06615897
16 10 0.06217893
17 10 0.05826212
18 10 0.05515441
19 10 0.05269197
20 10 0.051023
