  -1000.00000       4.49142265    
  -900.000000       4.48266172    
  -800.000000       4.48065710    
  -700.000000       4.50440311    
  -600.000000       4.47124863    
  -500.000000       4.44996023    
  -400.000000       4.37266493    
  -300.000000       4.14038134    
  -200.000000       3.91170645    
  -100.000000       3.53393459    
   0.00000000       3.18073058    
   100.000000       3.11767960    
   200.000000       3.19595242    
   300.000000       3.32092929    
   400.000000       3.52224278    
   500.000000       3.77295446    
   600.000000       3.98976350    
   700.000000       4.19037247    
   800.000000       4.25763893    
   900.000000       4.34203196    
   1000.00000       4.38542986    
   1000.00000       4.35115004    
   900.000000       4.31694412    
   800.000000       4.35725975    
   700.000000       4.20196915    
   600.000000       4.00526476    
   500.000000       3.72401500    
   400.000000       3.53848052    
   300.000000       3.32362843    
   200.000000       3.21100187    
   100.000000       3.27085280    
   0.00000000       3.40525341    
  -100.000000       3.60781980    
  -200.000000       3.89343762    
  -300.000000       4.11551905    
  -400.000000       4.26551533    
  -500.000000       4.36109447    
  -600.000000       4.40978146    
  -700.000000       4.46319914    
  -800.000000       4.49012852    
  -900.000000       4.47235394    
  -1000.00000       4.51563263    
  -1000.00000       4.46140385    
  -900.000000       4.45415401    
  -800.000000       4.45361757    
  -700.000000       4.45580626    
  -600.000000       4.44771910    
  -500.000000       4.41315460    
  -400.000000       4.28691959    
  -300.000000       4.07020521    
  -200.000000       3.86540842    
  -100.000000       3.51764989    
   0.00000000       3.19142652    
   100.000000       3.10945535    
   200.000000       3.19220090    
   300.000000       3.30857515    
   400.000000       3.52317929    
   500.000000       3.72829390    
   600.000000       3.97718811    
   700.000000       4.15126181    
   800.000000       4.22856855    
   900.000000       4.28576756    
   1000.00000       4.37922764    
   1000.00000       4.26535749    
   900.000000       4.29116631    
   800.000000       4.29391289    
   700.000000       4.12921572    
   600.000000       3.87234354    
   500.000000       3.68301058    
   400.000000       3.48195863    
   300.000000       3.31414175    
   200.000000       3.10849261    
   100.000000       3.27388358    
   0.00000000       3.39494658    
  -100.000000       3.64141607    
  -200.000000       3.89183235    
  -300.000000       4.15304613    
  -400.000000       4.30975580    
  -500.000000       4.38821936    
  -600.000000       4.47409582    
  -700.000000       4.43443871    
  -800.000000       4.49165392    
  -900.000000       4.45415306    
  -1000.00000       4.45464420    
  -1000.00000       4.44559717    
  -900.000000       4.44794035    
  -800.000000       4.44762993    
  -700.000000       4.44547129    
  -600.000000       4.43759012    
  -500.000000       4.43100834    
  -400.000000       4.35214949    
  -300.000000       4.16359043    
  -200.000000       3.93713546    
  -100.000000       3.61773324    
   0.00000000       3.15653706    
   100.000000       3.12414551    
   200.000000       3.13634300    
   300.000000       3.25388432    
   400.000000       3.48243284    
   500.000000       3.65952682    
   600.000000       3.95320010    
   700.000000       4.09964991    
   800.000000       4.17907572    
   900.000000       4.24358463    
   1000.00000       4.30486822    
   1000.00000       4.24593639    
   900.000000       4.23739147    
   800.000000       4.23609686    
   700.000000       4.07345676    
   600.000000       3.86713934    
   500.000000       3.66841936    
   400.000000       3.47771835    
   300.000000       3.26293492    
   200.000000       3.17821455    
   100.000000       3.22106194    
   0.00000000       3.39949656    
  -100.000000       3.58130646    
  -200.000000       3.91104293    
  -300.000000       4.12508440    
  -400.000000       4.45381212    
  -500.000000       4.22707844    
  -600.000000       4.41586399    
  -700.000000       4.40081167    
  -800.000000       4.42121553    
  -900.000000       4.42114735    
  -1000.00000       4.42794466    
  -1000.00000       4.42081547    
  -900.000000       4.41823149    
  -800.000000       4.42312574    
  -700.000000       4.40706635    
  -600.000000       4.41791153    
  -500.000000       4.35732174    
  -400.000000       4.25973272    
  -300.000000       4.07898140    
  -200.000000       3.85069633    
  -100.000000       3.49548173    
   0.00000000       3.13243890    
   100.000000       3.09643221    
   200.000000       3.10336137    
   300.000000       3.29865170    
   400.000000       3.47643900    
   500.000000       3.67379141    
   600.000000       3.94712353    
   700.000000       4.06492805    
   800.000000       4.19370842    
   900.000000       4.22757339    
   1000.00000       4.29926348    
   1000.00000       4.21506071    
   900.000000       4.20819902    
   800.000000       4.20881605    
   700.000000       4.12249041    
   600.000000       3.87668920    
   500.000000       3.69291735    
   400.000000       3.48320627    
   300.000000       3.25160646    
   200.000000       3.16890669    
   100.000000       3.21540499    
   0.00000000       3.35622001    
  -100.000000       3.56445265    
  -200.000000       3.82952237    
  -300.000000       4.06808519    
  -400.000000       4.21125603    
  -500.000000       4.30558300    
  -600.000000       4.33478069    
  -700.000000       4.38771343    
  -800.000000       4.41039848    
  -900.000000       4.41131258    
  -1000.00000       4.41870594    
  -1000.00000       4.41422272    
  -900.000000       4.40333080    
  -800.000000       4.38618326    
  -700.000000       4.37561703    
  -600.000000       4.39009714    
  -500.000000       4.35097122    
  -400.000000       4.23905468    
  -300.000000       4.03582430    
  -200.000000       3.85826254    
  -100.000000       3.49984431    
   0.00000000       3.13991499    
   100.000000       3.10175204    
   200.000000       3.15840507    
   300.000000       3.26634407    
   400.000000       3.48114443    
   500.000000       3.67047620    
   600.000000       3.91341043    
   700.000000       4.07815123    
   800.000000       4.15979099    
   900.000000       4.22421122    
   1000.00000       4.24484634    
