  -1000.00000       5.03081322    
  -900.000000       5.06827641    
  -800.000000       5.05282211    
  -700.000000       5.05110550    
  -600.000000       5.04011917    
  -500.000000       4.98809576    
  -400.000000       4.89018106    
  -300.000000       4.53088284    
  -200.000000       4.12631416    
  -100.000000       3.74360704    
   0.00000000       3.36038804    
   100.000000       3.00600433    
   200.000000       3.21790123    
   300.000000       3.29788995    
   400.000000       3.48596168    
   500.000000       3.69964743    
   600.000000       3.97104812    
   700.000000       4.18088579    
   800.000000       4.36334610    
   900.000000       4.53325748    
   1000.00000       4.72857141    
   1000.00000       4.64231539    
   900.000000       4.34429884    
   800.000000       4.13390541    
   700.000000       4.05570173    
   600.000000       3.84769821    
   500.000000       3.66982770    
   400.000000       3.55712867    
   300.000000       3.48286772    
   200.000000       3.36084819    
   100.000000       3.38795018    
   0.00000000       3.53203678    
  -100.000000       3.71765995    
  -200.000000       4.07546186    
  -300.000000       4.73739672    
  -400.000000       4.97378349    
  -500.000000       5.15715122    
  -600.000000       5.17675066    
  -700.000000       5.21364355    
  -800.000000       5.13076210    
  -900.000000       5.13045216    
  -1000.00000       5.09542370    
  -1000.00000       5.06682444    
  -900.000000       5.05235910    
  -800.000000       5.04081392    
  -700.000000       5.18198872    
  -600.000000       4.91774702    
  -500.000000       5.08590269    
  -400.000000       4.92786646    
  -300.000000       4.60922956    
  -200.000000       4.21899939    
  -100.000000       3.84316182    
   0.00000000       3.38146043    
   100.000000       3.14178443    
   200.000000       3.17893648    
   300.000000       3.17852640    
   400.000000       3.55263925    
   500.000000       3.73583627    
   600.000000       4.02061462    
   700.000000       4.19671297    
   800.000000       4.37093019    
   900.000000       4.40920162    
   1000.00000       4.56751490    
   1000.00000       4.50867796    
   900.000000       4.19132757    
   800.000000       4.03578186    
   700.000000       4.20550013    
   600.000000       3.94678092    
   500.000000       3.76674247    
   400.000000       3.53264713    
   300.000000       3.47257996    
   200.000000       3.33398247    
   100.000000       3.34854913    
   0.00000000       3.56199408    
  -100.000000       3.75698709    
  -200.000000       4.09492302    
  -300.000000       4.75556421    
  -400.000000       4.98109341    
  -500.000000       5.08586168    
  -600.000000       5.16788864    
  -700.000000       5.14064932    
  -800.000000       5.09099770    
  -900.000000       5.05974102    
  -1000.00000       5.07447863    
  -1000.00000       5.03888607    
  -900.000000       5.02291727    
  -800.000000       5.03679037    
  -700.000000       5.00131655    
  -600.000000       5.02978086    
  -500.000000       4.97350359    
  -400.000000       4.89135265    
  -300.000000       4.66073513    
  -200.000000       4.20922184    
  -100.000000       3.82842994    
   0.00000000       3.37096119    
   100.000000       3.13046193    
   200.000000       3.17241168    
   300.000000       3.25189495    
   400.000000       3.43803477    
   500.000000       3.70536947    
   600.000000       3.97936487    
   700.000000       4.16342020    
   800.000000       4.26516104    
   900.000000       4.40516233    
   1000.00000       4.49551964    
   1000.00000       4.39614058    
   900.000000       4.21046019    
   800.000000       4.24676561    
   700.000000       4.27918243    
   600.000000       4.04175520    
   500.000000       3.70573664    
   400.000000       3.58928108    
   300.000000       3.41562247    
   200.000000       3.34163976    
   100.000000       3.36661649    
   0.00000000       3.54487872    
  -100.000000       3.77293897    
  -200.000000       4.17225647    
  -300.000000       4.56900835    
  -400.000000       4.92873955    
  -500.000000       5.17998981    
  -600.000000       5.14552021    
  -700.000000       5.09417820    
  -800.000000       5.15952253    
  -900.000000       5.01680613    
  -1000.00000       4.98982430    
  -1000.00000       5.02392101    
  -900.000000       4.98290443    
  -800.000000       4.96113348    
  -700.000000       4.96500969    
  -600.000000       4.97235203    
  -500.000000       4.98625326    
  -400.000000       4.85971260    
  -300.000000       4.57900810    
  -200.000000       4.21079397    
  -100.000000       3.76541924    
   0.00000000       3.33912039    
   100.000000       3.13222313    
   200.000000       3.12469459    
   300.000000       3.23877239    
   400.000000       3.40682817    
   500.000000       3.61884189    
   600.000000       3.82573986    
   700.000000       4.12451077    
   800.000000       4.14790535    
   900.000000       4.24970913    
   1000.00000       4.30927563    
   1000.00000       4.22464132    
   900.000000       4.14220476    
   800.000000       4.22855139    
   700.000000       4.32592201    
   600.000000       4.05743885    
   500.000000       3.66106892    
   400.000000       3.55952406    
   300.000000       3.40479040    
   200.000000       3.33992791    
   100.000000       3.49463058    
   0.00000000       3.43784165    
  -100.000000       3.77451730    
  -200.000000       4.14808083    
  -300.000000       4.53762436    
  -400.000000       4.85351372    
  -500.000000       5.17832041    
  -600.000000       5.04253387    
  -700.000000       5.06549168    
  -800.000000       5.02776766    
  -900.000000       5.00633526    
  -1000.00000       5.02456570    
  -1000.00000       4.98584414    
  -900.000000       4.95192099    
  -800.000000       4.93149996    
  -700.000000       4.94718790    
  -600.000000       4.94087934    
  -500.000000       4.83033419    
  -400.000000       4.87635660    
  -300.000000       4.53850746    
  -200.000000       4.17693901    
  -100.000000       3.80477643    
   0.00000000       3.39449620    
   100.000000       3.15696311    
   200.000000       3.19605494    
   300.000000       3.33388400    
   400.000000       3.50620413    
   500.000000       3.78285384    
   600.000000       4.12885427    
   700.000000       4.28794861    
   800.000000       4.51308966    
   900.000000       4.56985140    
   1000.00000       4.65720463    
