  -1000.00000       4.69585133    
  -900.000000       4.68795919    
  -800.000000       4.68679380    
  -700.000000       4.66037226    
  -600.000000       4.58270025    
  -500.000000       4.42339706    
  -400.000000       4.17396641    
  -300.000000       3.85177493    
  -200.000000       3.55972028    
  -100.000000       3.28264642    
   0.00000000       3.09547162    
   100.000000       3.05799770    
   200.000000       3.07444739    
   300.000000       3.22058487    
   400.000000       3.40960789    
   500.000000       3.59123516    
   600.000000       3.78477073    
   700.000000       3.90741420    
   800.000000       4.00470209    
   900.000000       4.09554291    
   1000.00000       4.16690302    
   1000.00000       4.21236324    
   900.000000       4.21728230    
   800.000000       4.14904451    
   700.000000       4.09989691    
   600.000000       3.93514037    
   500.000000       3.70016789    
   400.000000       3.39977884    
   300.000000       3.09172845    
   200.000000       3.01748037    
   100.000000       3.03431511    
   0.00000000       3.15543461    
  -100.000000       3.35711217    
  -200.000000       3.68450761    
  -300.000000       3.86093020    
  -400.000000       4.05796003    
  -500.000000       4.19240332    
  -600.000000       4.29475880    
  -700.000000       4.42050552    
  -800.000000       4.49258327    
  -900.000000       4.55212212    
  -1000.00000       4.62076235    
  -1000.00000       4.63189268    
  -900.000000       4.64589977    
  -800.000000       4.63078022    
  -700.000000       4.58574247    
  -600.000000       4.51976538    
  -500.000000       4.32538652    
  -400.000000       3.98906636    
  -300.000000       3.67573881    
  -200.000000       3.42893744    
  -100.000000       3.21097422    
   0.00000000       3.07252049    
   100.000000       3.03591061    
   200.000000       3.09151936    
   300.000000       3.25221992    
   400.000000       3.45592618    
   500.000000       3.69512725    
   600.000000       3.93074727    
   700.000000       4.06487513    
   800.000000       4.18520927    
   900.000000       4.26531744    
   1000.00000       4.34146500    
   1000.00000       4.33918095    
   900.000000       4.31099796    
   800.000000       4.25670242    
   700.000000       4.14521599    
   600.000000       3.97160411    
   500.000000       3.73580813    
   400.000000       3.43771124    
   300.000000       3.12317657    
   200.000000       3.04765129    
   100.000000       3.02431822    
   0.00000000       3.09721112    
  -100.000000       3.25052142    
  -200.000000       3.48105311    
  -300.000000       3.67543030    
  -400.000000       3.88551044    
  -500.000000       4.06627035    
  -600.000000       4.23628187    
  -700.000000       4.35110378    
  -800.000000       4.42993975    
  -900.000000       4.49058819    
  -1000.00000       4.54864025    
  -1000.00000       4.55900574    
  -900.000000       4.52631521    
  -800.000000       4.48891783    
  -700.000000       4.43628120    
  -600.000000       4.32277918    
  -500.000000       4.14120388    
  -400.000000       3.89599299    
  -300.000000       3.50849771    
  -200.000000       3.46714807    
  -100.000000       3.28167510    
   0.00000000       3.02292752    
   100.000000       2.99651670    
   200.000000       3.03805733    
   300.000000       3.19924355    
   400.000000       3.38708138    
   500.000000       3.60909343    
   600.000000       3.81400895    
   700.000000       3.95947218    
   800.000000       4.06824398    
   900.000000       4.20130157    
   1000.00000       4.27679396    
   1000.00000       4.30944490    
   900.000000       4.30593014    
   800.000000       4.26960135    
   700.000000       4.14158344    
   600.000000       3.95257616    
   500.000000       3.68324447    
   400.000000       3.41604924    
   300.000000       3.12203622    
   200.000000       3.01208806    
   100.000000       3.00663757    
   0.00000000       3.08142424    
  -100.000000       3.22710967    
  -200.000000       3.44983888    
  -300.000000       3.64075184    
  -400.000000       3.82686758    
  -500.000000       4.05691147    
  -600.000000       4.17141008    
  -700.000000       4.27796793    
  -800.000000       4.34549427    
  -900.000000       4.40415001    
  -1000.00000       4.43435287    
  -1000.00000       4.44873810    
  -900.000000       4.47294331    
  -800.000000       4.43355417    
  -700.000000       4.39234400    
  -600.000000       4.31295967    
  -500.000000       4.14350748    
  -400.000000       3.96929193    
  -300.000000       3.70842290    
  -200.000000       3.47410893    
  -100.000000       3.23495603    
   0.00000000       3.07276630    
   100.000000       3.04377294    
   200.000000       3.11642647    
   300.000000       3.24249482    
   400.000000       3.47244167    
   500.000000       3.67771506    
   600.000000       3.90427041    
   700.000000       4.02860785    
   800.000000       4.10252237    
   900.000000       4.18059540    
   1000.00000       4.23977995    
   1000.00000       4.23470259    
   900.000000       4.20823908    
   800.000000       4.18817854    
   700.000000       4.07046032    
   600.000000       3.92571855    
   500.000000       3.70487022    
   400.000000       3.43465781    
   300.000000       3.14234471    
   200.000000       3.00164294    
   100.000000       2.99565220    
   0.00000000       3.07835174    
  -100.000000       3.23719263    
  -200.000000       3.42382026    
  -300.000000       3.62660146    
  -400.000000       3.80889654    
  -500.000000       3.95000386    
  -600.000000       4.09877014    
  -700.000000       4.19889545    
  -800.000000       4.28589964    
  -900.000000       4.32801437    
  -1000.00000       4.40366411    
  -1000.00000       4.42745209    
  -900.000000       4.43877697    
  -800.000000       4.43154573    
  -700.000000       4.38935566    
  -600.000000       4.28554630    
  -500.000000       4.15020370    
  -400.000000       3.92992496    
  -300.000000       3.71434426    
  -200.000000       3.46251082    
  -100.000000       3.24510145    
   0.00000000       3.13826609    
   100.000000       3.02506089    
   200.000000       3.08514667    
   300.000000       3.24564123    
   400.000000       3.44294310    
   500.000000       3.68472409    
   600.000000       3.91785622    
   700.000000       4.07386208    
   800.000000       4.20184708    
   900.000000       4.28080750    
   1000.00000       4.33415127    
