-328.079987
-270.780029
-259.919983
-263.52005
-264.23999
-265.73999
-266.340027
-267.240021
-268.799927
-269.579956
-270.600006
-270.840027
-271.919952
-273.000061
-272.880035
-273.600006
-274.320007
-274.439941
-274.980011
-274.919922
-275.280029
-276.240021
-276.179962
-275.939972
-276.720062
-277.079956
-276.840057
-277.019989
-277.799988
-277.560059
-277.740021
-277.919952
-278.099976
-278.279968
-278.460083
-278.639984
-278.819977
-278.399994
-278.999969
-279.180084
-278.76001
-279.359985
-279.539978
-279.720001
-279.299957
-279.900055
-279.480011
-280.079987
-279.660034
-279.660034
-279.660034
-280.26001
-281.640015
-280.379974
-280.379974
-279.779999
-280.200043
-280.200043
-280.200043
-280.200043
-280.200043
-280.800018
-280.379974
-280.379974
-280.379974
-280.379974
-280.97995
-279.960022
-280.379974
-280.379974
-280.379974
-280.379974
-280.379974
-280.379974
-280.379974
-280.379974
-280.379974
-280.379974
-279.779999
-280.200043
-280.200043
-280.200043
-280.200043
-280.200043
-280.200043
-280.200043
-280.200043
-280.200043
-280.200043
-280.200043
-280.200043
-280.200043
-280.200043
-280.200043
-280.200043
-280.200043
-280.800018
-279.779999
-280.200043
-280.200043
-280.200043
-280.200043
-280.200043
-279.599945
-279.420013
-279.839966
-279.839966
-279.839966
