-358.679993
-280.73999
-264.719971
-267.600037
-267.23999
-268.139954
-268.140015
-268.680054
-270.119934
-270.659973
-271.559998
-271.560059
-272.639954
-273.720093
-273.359985
-274.080017
-274.800049
-274.799927
-275.340027
-275.159912
-275.52002
-276.600037
-276.419922
-276.059937
-276.960083
-277.319946
-276.960083
-277.140015
-278.039917
-277.680054
-277.859985
-278.039978
-278.219971
-278.399963
-278.580078
-278.76001
-278.939941
-278.400024
-279.119995
-279.300049
-278.76001
-279.47998
-279.659973
-279.839966
-279.299988
-280.020081
-279.47998
-280.199951
-279.660034
-279.660034
-279.660034
-280.380005
-282
-280.380005
-280.380005
-279.660034
-280.200012
-280.200012
-280.200012
-280.200012
-280.200012
-280.919983
-280.380005
-280.380005
-280.380005
-280.380005
-281.099976
-279.840027
-280.380005
-280.380005
-280.380005
-280.380005
-280.380005
-280.380005
-280.380005
-280.380005
-280.380005
-280.380005
-279.660034
-280.200012
-280.200012
-280.200012
-280.200012
-280.200012
-280.200012
-280.200012
-280.200012
-280.200012
-280.200012
-280.200012
-280.200012
-280.200012
-280.200012
-280.200012
-280.200012
-280.200012
-280.919983
-279.660034
-280.200012
-280.200012
-280.200012
-280.200012
-280.200012
-279.479919
-279.300049
-279.839966
-279.839966
-279.839966
