-404.579956
-295.680023
-271.919952
-273.720032
-271.73999
-271.73999
-270.840088
-270.840027
-272.099945
-272.279999
-272.999969
-272.640106
-273.719971
-274.800049
-274.079987
-274.800049
-275.52005
-275.339905
-275.880066
-275.519958
-275.880066
-277.140076
-276.779968
-276.23996
-277.320038
-277.679932
-277.140137
-277.319977
-278.399902
-277.860138
-278.039948
-278.220001
-278.399994
-278.579956
-278.760101
-278.940002
-279.119965
-278.399994
-279.299957
-279.480072
-278.76001
-279.659973
-279.839966
-280.019928
-279.300018
-280.200134
-279.480011
-280.379974
-279.659973
-279.659973
-279.659973
-280.559937
-282.54007
-280.380035
-280.380035
-279.480072
-280.199982
-280.199982
-280.199982
-280.199982
-280.199982
-281.099945
-280.380035
-280.380035
-280.380035
-280.380035
-281.279999
-279.660065
-280.380035
-280.380035
-280.380035
-280.380035
-280.380035
-280.380035
-280.380035
-280.380035
-280.380035
-280.380035
-279.480072
-280.199982
-280.199982
-280.199982
-280.199982
-280.199982
-280.199982
-280.199982
-280.199982
-280.199982
-280.199982
-280.199982
-280.199982
-280.199982
-280.199982
-280.199982
-280.199982
-280.199982
-281.099945
-279.480072
-280.199982
-280.199982
-280.199982
-280.199982
-280.199982
-279.299866
-279.120056
-279.840027
-279.840027
-279.840027
