-481.079987
-320.579987
-283.920013
-283.920013
-279.240051
-277.739899
-275.340118
-274.440033
-275.399933
-274.980011
-275.400024
-274.440155
-275.519958
-276.600067
-275.279999
-276
-276.720001
-276.239868
-276.780029
-276.119934
-276.480042
-278.0401
-277.379913
-276.539948
-277.920074
-278.279877
-277.440125
-277.619965
-278.999878
-278.160126
-278.339996
-278.519928
-278.699982
-278.879944
-279.060089
-279.23996
-279.419891
-278.399994
-279.599945
-279.780121
-278.76001
-279.959961
-280.139923
-280.319977
-279.299957
-280.500122
-279.480011
-280.679962
-279.659973
-279.659973
-279.659973
-280.859924
-283.440094
-280.379974
-280.379974
-279.180023
-280.200043
-280.200043
-280.200043
-280.200043
-280.200043
-281.399994
-280.379974
-280.379974
-280.379974
-280.379974
-281.579926
-279.360077
-280.379974
-280.379974
-280.379974
-280.379974
-280.379974
-280.379974
-280.379974
-280.379974
-280.379974
-280.379974
-279.180023
-280.200043
-280.200043
-280.200043
-280.200043
-280.200043
-280.200043
-280.200043
-280.200043
-280.200043
-280.200043
-280.200043
-280.200043
-280.200043
-280.200043
-280.200043
-280.200043
-280.200043
-281.399994
-279.180023
-280.200043
-280.200043
-280.200043
-280.200043
-280.200043
-278.999878
-278.820038
-279.840027
-279.840027
-279.840027
