-634.079895
-370.380005
-307.920013
-304.32016
-294.240051
-289.739929
-284.340149
-281.640106
-281.999756
-280.379883
-280.199982
-278.0401
-279.119812
-280.200134
-277.679993
-278.400055
-279.119965
-278.039795
-278.580109
-277.319885
-277.680145
-279.840027
-278.579803
-277.139984
-279.120117
-279.479919
-278.040253
-278.220001
-280.199829
-278.760162
-278.939911
-279.119965
-279.299866
-279.479919
-279.660278
-279.839874
-280.019928
-278.400055
-280.199982
-280.380188
-278.76001
-280.559937
-280.73999
-280.919891
-279.300018
-281.10025
-279.480072
-281.279999
-279.659973
-279.659973
-279.659973
-281.4599
-285.240112
-280.380035
-280.380035
-278.580109
-280.199982
-280.199982
-280.199982
-280.199982
-280.199982
-281.999908
-280.380035
-280.380035
-280.380035
-280.380035
-282.179962
-278.76001
-280.380035
-280.380035
-280.380035
-280.380035
-280.380035
-280.380035
-280.380035
-280.380035
-280.380035
-280.380035
-278.580109
-280.199982
-280.199982
-280.199982
-280.199982
-280.199982
-280.199982
-280.199982
-280.199982
-280.199982
-280.199982
-280.199982
-280.199982
-280.199982
-280.199982
-280.199982
-280.199982
-280.199982
-281.999908
-278.580109
-280.199982
-280.199982
-280.199982
-280.199982
-280.199982
-278.39975
-278.220001
-279.840027
-279.840027
-279.840027
