-1,093.07959
-519.779846
-379.919952
-365.520233
-339.240021
-325.739655
-311.340271
-303.23999
-301.799561
-296.579834
-294.600159
-288.840271
-289.919678
-291.000305
-284.88031
-285.599915
-286.320129
-283.43988
-283.980042
-280.919739
-281.280457
-285.240417
-282.179504
-278.939758
-282.720276
-283.079773
-279.840637
-280.020081
-283.799988
-280.560242
-280.739685
-280.919739
-281.099792
-281.279846
-281.46051
-281.639954
-281.820007
-278.400208
-282.000061
-282.180725
-278.760315
-282.360168
-282.539612
-282.719666
-279.299866
-282.90033
-279.479919
-283.079773
-279.659973
-279.659973
-279.659973
-283.259827
-290.640198
-280.380188
-280.380188
-276.780334
-280.200134
-280.200134
-280.200134
-280.200134
-280.200134
-283.799988
-280.380188
-280.380188
-280.380188
-280.380188
-283.980042
-276.960388
-280.380188
-280.380188
-280.380188
-280.380188
-280.380188
-280.380188
-280.380188
-280.380188
-280.380188
-280.380188
-276.780334
-280.200134
-280.200134
-280.200134
-280.200134
-280.200134
-280.200134
-280.200134
-280.200134
-280.200134
-280.200134
-280.200134
-280.200134
-280.200134
-280.200134
-280.200134
-280.200134
-280.200134
-283.799988
-276.780334
-280.200134
-280.200134
-280.200134
-280.200134
-280.200134
-276.59967
-276.420227
-279.840027
-279.840027
-279.840027
