-220.979996
-235.919998
-243.119995
-249.240005
-253.740005
-257.339996
-260.040009
-262.200012
-264.179993
-265.799988
-267.23999
-268.320007
-269.399994
-270.480011
-271.200012
-271.920013
-272.640015
-273.179993
-273.720001
-274.079987
-274.440002
-274.980011
-275.339996
-275.519989
-275.880005
-276.23999
-276.420013
-276.600006
-276.959991
-277.140015
-277.320007
-277.5
-277.679993
-277.859985
-278.040009
-278.220001
-278.399994
-278.399994
-278.579987
-278.76001
-278.76001
-278.940002
-279.119995
-279.299988
-279.299988
-279.480011
-279.480011
-279.660004
-279.660004
-279.660004
-279.660004
-279.839996
-280.380005
-280.380005
-280.380005
-280.200012
-280.200012
-280.200012
-280.200012
-280.200012
-280.200012
-280.380005
-280.380005
-280.380005
-280.380005
-280.380005
-280.559998
-280.380005
-280.380005
-280.380005
-280.380005
-280.380005
-280.380005
-280.380005
-280.380005
-280.380005
-280.380005
-280.380005
-280.200012
-280.200012
-280.200012
-280.200012
-280.200012
-280.200012
-280.200012
-280.200012
-280.200012
-280.200012
-280.200012
-280.200012
-280.200012
-280.200012
-280.200012
-280.200012
-280.200012
-280.200012
-280.380005
-280.200012
-280.200012
-280.200012
-280.200012
-280.200012
-280.200012
-280.019989
-279.839996
-279.839996
-279.839996
-279.839996
