43.5	-0.8
43.6	-0.9
43.7	-0.8
43.8	-0.8
43.9	-0.8
44.0	-0.8
44.1	-0.8
44.2	-0.9
44.3	-0.8
44.4	-0.8
44.5	-0.8
44.6	-0.8
44.7	-0.8
44.8	-0.8
44.9	-0.8
45.0	-0.8
45.1	-8.7
45.2	-153.9
45.3	-175.4
45.4	-187.7
45.5	-196.4
45.6	-203.3
45.7	-209.0
45.8	-213.1
45.9	-216.6
46.0	-220.9
46.1	-223.5
46.2	-225.8
46.3	-228.2
46.4	-230.3
46.5	-232.1
46.6	-233.8
46.7	-235.5
46.8	-236.9
46.9	-238.3
47.0	-239.5
47.1	-240.7
47.2	-241.9
47.3	-243.0
47.4	-244.1
47.5	-245.0
47.6	-245.8
47.7	-246.8
47.8	-247.6
47.9	-248.5
48.0	-249.4
48.1	-250.1
48.2	-250.9
48.3	-251.5
48.4	-252.3
48.5	-252.9
48.6	-253.4
48.7	-254.1
48.8	-255.1
48.9	-255.5
49.0	-256.1
49.1	-256.4
49.2	-257.1
49.3	-257.9
49.4	-258.3
49.5	-258.7
49.6	-259.3
49.7	-259.8
49.8	-260.2
49.9	-260.8
50.0	-261.1
50.1	-261.4
50.2	-261.8
50.3	-262.2
50.4	-262.5
50.5	-262.9
50.6	-263.3
50.7	-263.8
50.8	-264.1
50.9	-264.5
51.0	-264.6
51.1	-264.9
51.2	-265.4
51.3	-265.7
51.4	-266.0
51.5	-266.2
51.6	-266.6
51.7	-266.9
51.8	-267.2
51.9	-267.4
52.0	-267.7
52.1	-268.0
52.2	-268.3
52.3	-268.5
52.4	-268.7
52.5	-268.8
52.6	-269.1
52.7	-269.4
52.8	-270.0
52.9	-270.1
53.0	-270.3
53.1	-270.5
53.2	-270.7
53.3	-270.9
53.4	-271.0
53.5	-271.3
53.6	-271.5
53.7	-271.7
53.8	-271.9
53.9	-272.1
54.0	-272.4
54.1	-272.6
54.2	-272.8
54.3	-273.0
54.4	-273.2
54.5	-273.4
54.6	-273.5
54.7	-273.8
54.8	-274.0
54.9	-274.2
55.0	-274.3
55.1	-274.4
55.2	-274.7
55.3	-274.9
55.4	-275.0
55.5	-275.2
55.6	-275.4
55.7	-275.5
55.8	-275.7
55.9	-275.9
56.0	-276.0
56.1	-276.2
56.2	-276.3
56.3	-276.4
56.4	-276.7
56.5	-276.7
56.6	-277.0
56.7	-277.2
56.8	-277.2
56.9	-277.4
57.0	-277.6
57.1	-277.6
57.2	-277.8
57.3	-277.9
57.4	-278.2
57.5	-278.4
57.6	-278.4
57.7	-278.6
57.8	-278.8
57.9	-278.8
58.0	-279.0
58.1	-279.1
58.2	-279.2
58.3	-279.5
58.4	-279.5
58.5	-279.7
58.6	-279.9
58.7	-279.9
58.8	-280.0
58.9	-280.0
59.0	-280.3
59.1	-280.4
59.2	-280.6
59.3	-280.8
59.4	-280.8
59.5	-281.0
59.6	-281.1
59.7	-281.1
59.8	-281.3
59.9	-281.4
60.0	-281.6
60.1	-281.7
60.2	-281.8
60.3	-281.9
60.4	-281.9
60.5	-282.2
60.6	-282.2
60.7	-282.4
60.8	-282.4
60.9	-282.6
61.0	-282.8
61.1	-282.8
61.2	-282.9
61.3	-282.9
61.4	-283.1
61.5	-283.1
61.6	-283.3
61.7	-283.4
61.8	-283.5
61.9	-283.7
62.0	-283.7
62.1	-284.1
62.2	-284.2
62.3	-284.0
62.4	-284.0
62.5	-284.1
62.6	-284.0
62.7	-284.1
62.8	-285.2
62.9	-286.6
63.0	-285.6
63.1	-284.9
63.2	-284.3
63.3	-284.0
63.4	-283.8
63.5	-282.1
63.6	-282.6
63.7	-283.4
63.8	-285.2
63.9	-285.9
64.0	-284.9
64.1	-284.7
64.2	-284.8
64.3	-284.9
64.4	-284.9
64.5	-285.0
64.6	-285.3
64.7	-285.2
64.8	-285.3
64.9	-285.4
65.0	-285.4
65.1	-285.6
65.2	-285.7
65.3	-285.9
65.4	-286.0
65.5	-286.2
65.6	-286.3
65.7	-286.4
65.8	-286.4
65.9	-286.5
66.0	-286.5
66.1	-286.7
66.2	-286.8
66.3	-286.8
66.4	-286.8
66.5	-287.0
66.6	-286.6
66.7	-286.2
66.8	-287.0
66.9	-287.4
67.0	-287.4
67.1	-287.7
67.2	-287.8
67.3	-287.9
67.4	-288.3
67.5	-288.1
67.6	-288.2
67.7	-288.3
67.8	-288.5
67.9	-288.5
68.0	-288.7
68.1	-288.6
68.2	-288.8
68.3	-288.9
68.4	-289.1
68.5	-289.1
68.6	-289.1
68.7	-289.2
68.8	-289.1
68.9	-289.3
69.0	-289.4
69.1	-289.4
69.2	-289.4
69.3	-289.6
69.4	-289.7
69.5	-289.8
69.6	-289.9
69.7	-290.0
69.8	-290.1
69.9	-290.1
70.0	-290.2
70.1	-290.2
70.2	-290.4
70.3	-290.4
70.4	-290.5
70.5	-290.6
70.6	-290.9
70.7	-290.8
70.8	-290.7
70.9	-290.5
71.0	-290.8
71.1	-290.8
71.2	-290.9
71.3	-291.2
71.4	-291.3
71.5	-291.2
71.6	-291.1
71.7	-291.3
71.8	-291.3
71.9	-291.4
72.0	-291.4
72.1	-291.5
72.2	-291.7
72.3	-291.9
72.4	-291.8
72.5	-291.7
72.6	-291.8
72.7	-292.0
72.8	-292.3
72.9	-292.7
73.0	-293.2
73.1	-293.0
73.2	-292.8
73.3	-292.3
73.4	-292.7
73.5	-292.9
73.6	-292.7
73.7	-292.7
73.8	-292.7
73.9	-293.1
74.0	-293.1
74.1	-292.8
74.2	-292.7
74.3	-292.8
74.4	-293.1
74.5	-293.3
74.6	-293.2
74.7	-292.9
74.8	-293.4
74.9	-293.7
75.0	-293.2
75.1	-293.3
75.2	-293.8
75.3	-293.5
75.4	-293.5
75.5	-293.8
75.6	-293.4
75.7	-293.7
75.8	-294.2
75.9	-293.7
76.0	-293.9
76.1	-294.0
76.2	-294.0
76.3	-294.2
76.4	-294.2
76.5	-294.5
76.6	-294.4
76.7	-294.5
76.8	-294.6
76.9	-294.3
77.0	-294.6
77.1	-294.9
77.2	-295.0
77.3	-293.9
77.4	-293.9
77.5	-295.1
77.6	-294.7
77.7	-294.6
77.8	-294.9
77.9	-294.8
78.0	-295.0
78.1	-295.1
78.2	-295.0
78.3	-295.2
78.4	-295.4
78.5	-295.3
78.6	-295.3
78.7	-295.4
78.8	-295.5
78.9	-295.6
79.0	-295.5
79.1	-295.6
79.2	-295.7
79.3	-295.7
79.4	-295.8
79.5	-295.9
79.6	-295.9
79.7	-296.0
79.8	-296.1
79.9	-296.1
80.0	-296.5
80.1	-296.3
80.2	-296.4
80.3	-296.7
80.4	-296.4
80.5	-296.7
80.6	-296.6
80.7	-296.6
80.8	-297.0
80.9	-296.7
81.0	-296.9
81.1	-296.9
81.2	-296.7
81.3	-296.8
81.4	-296.6
81.5	-296.7
81.6	-296.8
81.7	-296.8
81.8	-297.0
81.9	-297.1
82.0	-297.1
82.1	-297.2
82.2	-297.2
82.3	-297.2
82.4	-297.3
82.5	-297.3
82.6	-297.5
82.7	-297.5
82.8	-297.5
82.9	-297.6
83.0	-297.7
83.1	-297.6
83.2	-297.7
83.3	-297.7
83.4	-297.7
83.5	-297.8
83.6	-297.8
83.7	-297.8
83.8	-297.8
83.9	-297.8
84.0	-297.8
84.1	-297.8
84.2	-297.9
84.3	-297.8
84.4	-297.9
84.5	-297.9
84.6	-298.1
84.7	-298.1
84.8	-298.2
84.9	-298.1
85.0	-298.2
85.1	-298.3
85.2	-298.4
85.3	-298.3
85.4	-298.4
85.5	-298.4
85.6	-298.5
85.7	-298.7
85.8	-298.8
85.9	-298.7
86.0	-298.7
86.1	-298.7
86.2	-298.7
86.3	-298.8
86.4	-298.9
86.5	-299.1
86.6	-299.0
86.7	-299.1
86.8	-299.0
86.9	-299.1
87.0	-298.9
87.1	-299.5
87.2	-302.9
87.3	-299.3
87.4	-305.3
87.5	-302.3
87.6	-301.8
87.7	-301.9
87.8	-302.3
87.9	-303.0
88.0	-305.5
88.1	-315.6
88.2	-298.8
88.3	-298.6
88.4	-298.5
88.5	-297.2
88.6	-297.9
88.7	-299.9
88.8	-294.3
88.9	-297.6
89.0	-296.3
89.1	-295.5
89.2	-296.6
89.3	-298.3
89.4	-299.1
89.5	-301.5
89.6	-298.4
89.7	-298.4
89.8	-299.1
89.9	-299.9
90.0	-299.3
90.1	-299.9
90.2	-300.2
90.3	-300.4
90.4	-300.6
90.5	-300.4
90.6	-302.1
90.7	-300.9
90.8	-301.0
90.9	-301.4
91.0	-300.6
91.1	-300.6
91.2	-300.5
91.3	-300.3
91.4	-300.2
91.5	-301.6
91.6	-302.4
91.7	-302.0
91.8	-301.5
91.9	-301.3
92.0	-303.1
92.1	-300.9
92.2	-301.3
92.3	-301.2
92.4	-300.7
92.5	-300.4
92.6	-300.6
92.7	-302.5
92.8	-302.5
92.9	-302.0
93.0	-301.7
93.1	-301.0
93.2	-300.8
93.3	-300.9
93.4	-300.9
93.5	-301.5
93.6	-300.8
93.7	-300.5
93.8	-300.4
93.9	-301.2
94.0	-301.3
94.1	-301.4
94.2	-301.6
94.3	-302.3
94.4	-302.7
94.5	-302.7
94.6	-302.8
94.7	-302.8
94.8	-303.0
94.9	-303.0
95.0	-302.8
95.1	-302.7
95.2	-303.2
95.3	-303.5
95.4	-303.6
95.5	-302.9
95.6	-302.8
95.7	-302.8
95.8	-303.1
95.9	-303.0
96.0	-302.8
96.1	-303.2
96.2	-302.5
96.3	-302.9
96.4	-303.3
96.5	-302.4
96.6	-303.5
96.7	-303.3
96.8	-303.0
96.9	-302.8
97.0	-302.6
97.1	-302.5
97.2	-302.3
97.3	-300.7
97.4	-298.6
97.5	-298.9
97.6	-299.5
97.7	-300.6
97.8	-301.6
97.9	-303.6
98.0	-306.0
98.1	-304.6
98.2	-304.7
98.3	-304.5
98.4	-304.4
98.5	-304.2
98.6	-304.2
98.7	-304.8
98.8	-304.7
98.9	-304.5
99.0	-303.9
99.1	-303.4
99.2	-303.6
99.3	-304.5
99.4	-305.6
99.5	-305.0
99.6	-304.2
99.7	-304.0
99.8	-303.9
99.9	-305.0
100.0	-305.1
100.1	-305.4
100.2	-304.1
100.3	-306.0
100.4	-308.9
100.5	-305.9
100.6	-304.9
100.7	-303.8
100.8	-304.6
100.9	-304.6
101.0	-304.3
101.1	-306.1
101.2	-306.7
101.3	-308.9
101.4	-305.9
101.5	-305.2
101.6	-305.0
101.7	-306.3
101.8	-306.7
101.9	-307.0
102.0	-306.3
102.1	-307.2
102.2	-307.3
102.3	-305.4
102.4	-305.2
102.5	-304.4
102.6	-304.3
102.7	-305.6
102.8	-305.7
102.9	-303.7
103.0	-303.8
103.1	-304.9
103.2	-305.3
103.3	-305.7
103.4	-305.5
103.5	-305.2
103.6	-305.1
103.7	-305.4
103.8	-304.8
103.9	-304.0
104.0	-304.3
104.1	-305.0
104.2	-305.4
104.3	-306.1
104.4	-306.1
104.5	-305.6
104.6	-305.3
104.7	-305.5
104.8	-305.7
104.9	-305.2
105.0	-306.0
105.1	-307.2
105.2	-307.4
105.3	-311.8
105.4	-307.1
105.5	-305.7
105.6	-303.0
105.7	-303.2
105.8	-304.4
105.9	-304.8
106.0	-304.9
106.1	-305.1
106.2	-305.0
106.3	-305.1
106.4	-305.3
106.5	-305.4
106.6	-305.6
106.7	-305.5
106.8	-305.6
106.9	-305.8
107.0	-306.0
107.1	-305.8
107.2	-306.0
107.3	-305.9
107.4	-306.0
107.5	-306.1
107.6	-306.2
107.7	-306.0
107.8	-305.9
107.9	-305.7
108.0	-306.4
108.1	-306.8
108.2	-306.0
