   43.5999985      -3.92499876    
   43.7000008       2.22499824    
   43.7999992     -0.800000370    
   43.9000015     -0.800000370    
   44.0000000     -0.800000370    
   44.0999985     -0.800000370    
   44.2000008      -3.92499876    
   44.2999992       2.22499824    
   44.4000015     -0.800000370    
   44.5000000     -0.800000370    
   44.5999985     -0.800000370    
   44.7000008     -0.800000370    
   44.7999992     -0.800000370    
   44.9000015     -0.800000370    
   45.0000000     -0.800000370    
   45.0999985      -247.674957    
   45.2000008      -4546.19922    
   45.2999992      -825.775024    
   45.4000015      -559.775269    
   45.5000000      -459.574615    
   45.5999985      -412.025391    
   45.7000008      -381.424835    
   45.7999992      -337.125244    
   45.9000015      -322.474915    
   46.0000000      -350.974487    
   46.0999985      -302.150208    
   46.2000008      -295.375305    
   46.2999992      -300.799805    
   46.4000015      -293.825104    
   46.5000000      -286.549988    
   46.5999985      -285.224854    
   46.7000008      -286.924805    
   46.7999992      -279.249634    
   46.9000015      -280.650085    
   47.0000000      -275.799713    
   47.0999985      -276.999908    
   47.2000008      -278.200104    
   47.2999992      -276.275116    
   47.4000015      -277.375183    
   47.5000000      -272.224854    
   47.5999985      -269.999939    
   47.7000008      -277.049988    
   47.7999992      -271.799988    
   47.9000015      -275.724854    
   48.0000000      -276.624634    
   48.0999985      -271.275482    
   48.2000008      -275.099701    
   48.2999992      -269.650421    
   48.4000015      -276.500183    
   48.5000000      -271.049927    
   48.5999985      -268.525085    
   48.7000008      -275.275177    
   48.7999992      -285.349792    
   48.9000015      -267.600006    
   49.0000000      -274.250000    
   49.0999985      -265.474762    
   49.2000008      -278.275452    
   49.2999992      -282.099670    
   49.4000015      -270.399994    
   49.5000000      -270.800537    
   49.5999985      -277.449097    
   49.7000008      -274.925201    
   49.7999992      -272.300690    
   49.9000015      -278.949219    
   50.0000000      -270.175415    
   50.0999985      -270.474396    
   50.2000008      -273.899994    
   50.2999992      -274.300537    
   50.4000015      -271.574463    
   50.5000000      -274.999573    
   50.5999985      -275.399628    
   50.7000008      -278.924896    
   50.7999992      -273.175659    
   50.9000015      -276.599854    
   51.0000000      -267.624817    
   51.0999985      -273.974365    
   51.2000008      -280.525146    
   51.2999992      -274.775452    
   51.4000015      -275.074921    
   51.5000000      -272.250122    
   51.5999985      -278.699829    
   51.7000008      -275.974243    
   51.7999992      -276.275604    
   51.9000015      -273.449860    
   52.0000000      -276.775330    
   52.0999985      -277.074768    
   52.2000008      -277.374237    
   52.2999992      -274.550385    
   52.4000015      -274.750671    
   52.5000000      -271.823853    
   52.5999985      -278.175323    
   52.7000008      -278.474762    
   52.7999992      -288.149780    
   52.9000015      -273.125610    
   53.0000000      -276.349030    
   53.0999985      -276.550262    
   53.2000008      -276.750519    
   53.2999992      -276.949829    
   53.4000015      -274.024933    
   53.5000000      -280.374481    
   53.5999985      -277.550659    
   53.7000008      -277.749969    
   53.7999992      -277.949280    
   53.9000015      -278.150513    
   54.0000000      -281.475006    
   54.0999985      -278.650238    
   54.2000008      -278.849548    
   54.2999992      -279.050781    
   54.4000015      -279.250092    
   54.5000000      -279.449402    
   54.5999985      -276.525452    
   54.7000008      -282.875000    
   54.7999992      -280.050232    
   54.9000015      -280.250488    
   55.0000000      -277.324646    
   55.0999985      -277.424774    
   55.2000008      -283.775269    
   55.2999992      -280.949554    
   55.4000015      -278.025574    
   55.5000000      -281.249939    
   55.5999985      -281.449280    
   55.7000008      -278.525299    
   55.7999992      -281.750641    
   55.9000015      -281.949005    
   56.0000000      -279.025024    
   56.0999985      -282.250366    
   56.2000008      -279.324493    
   56.2999992      -279.425568    
   56.4000015      -285.775146    
   56.5000000      -276.699982    
   56.5999985      -286.074585    
   56.7000008      -283.250763    
   56.7999992      -277.199707    
   56.9000015      -283.449127    
   57.0000000      -283.650360    
   57.0999985      -277.600250    
   57.2000008      -283.849670    
   57.2999992      -280.924744    
   57.4000015      -287.275269    
   57.5000000      -284.449524    
   57.5999985      -278.400391    
   57.7000008      -284.650757    
   57.7999992      -284.849121    
   57.9000015      -278.799957    
   58.0000000      -285.050354    
   58.0999985      -282.125427    
   58.2000008      -282.225555    
   58.2999992      -288.574158    
   58.4000015      -279.499969    
   58.5000000      -285.750336    
   58.5999985      -285.949646    
   58.7000008      -279.899536    
   58.7999992      -283.024750    
   58.9000015      -279.999695    
   59.0000000      -289.374298    
   59.0999985      -283.425293    
   59.2000008      -286.650604    
   59.2999992      -286.848969    
   59.4000015      -280.799805    
   59.5000000      -287.050201    
   59.5999985      -284.125275    
   59.7000008      -281.100220    
   59.7999992      -287.349640    
   59.9000015      -284.424744    
   60.0000000      -287.650055    
   60.0999985      -284.725128    
   60.2000008      -284.824310    
   60.2999992      -284.925415    
   60.4000015      -281.900360    
   60.5000000      -291.275940    
   60.5999985      -282.199799    
   60.7000008      -288.449249    
   60.7999992      -282.400085    
   60.9000015      -288.650452    
   61.0000000      -288.849792    
   61.0999985      -282.799683    
   61.2000008      -285.924866    
   61.2999992      -282.899811    
   61.4000015      -289.150177    
   61.5000000      -283.100067    
   61.5999985      -289.349518    
   61.7000008      -286.425537    
   61.7999992      -286.524719    
   61.9000015      -289.750061    
   62.0000000      -283.699951    
   62.0999985      -296.199738    
   62.2000008      -287.224731    
   62.2999992      -277.949280    
   62.4000015      -284.000336    
   62.5000000      -287.125549    
   62.5999985      -280.974335    
   62.7000008      -287.125549    
   62.7999992      -318.474731    
   62.9000015      -328.949860    
   63.0000000      -255.350067    
   63.0999985      -263.724274    
   63.2000008      -266.149475    
   63.2999992      -274.925201    
   63.4000015      -277.749969    
   63.5000000      -230.675659    
   63.5999985      -297.724670    
   63.7000008      -307.599976    
   63.7999992      -339.650085    
   63.9000015      -307.074493    
   64.0000000      -254.650070    
   64.0999985      -278.650238    
   64.1999969      -287.824585    
   64.3000031      -287.924713    
   64.4000015      -284.899658    
   64.5000000      -288.024841    
   64.5999985      -294.374420    
   64.6999969      -282.175964    
   64.8000031      -288.324310    
   64.9000015      -288.425385    
   65.0000000      -285.400330    
   65.0999985      -291.650726    
   65.1999969      -288.724854    
   65.3000031      -291.949219    
   65.4000015      -289.025269    
   65.5000000      -292.250580    
   65.5999985      -289.324707    
   65.6999969      -289.424835    
   65.8000031      -286.399780    
   65.9000015      -289.524994    
   66.0000000      -286.499939    
   66.0999985      -292.750305    
   66.1999969      -289.824432    
   66.3000031      -286.800323    
   66.4000015      -286.800323    
   66.5000000      -293.050720    
   66.5999985      -274.499847    
   66.6999969      -274.100250    
   66.8000031      -311.200104    
   66.9000015      -299.499451    
   67.0000000      -287.400208    
   67.0999985      -296.775757    
   67.1999969      -290.823883    
   67.3000031      -290.924988    
   67.4000015      -300.399719    
   67.5000000      -282.050079    
   67.5999985      -291.225372    
   67.6999969      -291.324554    
   67.8000031      -294.549896    
   67.9000015      -288.499786    
   68.0000000      -294.750153    
   68.0999985      -285.574860    
   68.1999969      -294.849335    
   68.3000031      -291.925385    
   68.4000015      -295.150696    
   68.5000000      -289.099640    
   68.5999985      -289.099640    
   68.6999969      -292.224823    
   68.8000031      -286.074585    
   68.9000015      -295.349060    
   69.0000000      -292.425110    
   69.0999985      -289.400055    
   69.1999969      -289.400055    
   69.3000031      -295.650421    
   69.4000015      -292.725525    
   69.5000000      -292.824707    
   69.5999985      -292.924835    
   69.6999969      -293.024963    
   69.8000031      -293.125092    
   69.9000015      -290.100037    
   70.0000000      -293.225250    
   70.0999985      -290.200195    
   70.1999969      -296.449615    
   70.3000031      -290.400452    
   70.4000015      -293.525635    
   70.5000000      -293.624817    
   70.5999985      -299.974396    
   70.6999969      -287.774994    
   70.8000031      -287.675812    
   70.9000015      -284.449524    
   71.0000000      -299.874268    
   71.0999985      -290.800049    
   71.1999969      -293.925232    
   71.3000031      -300.275757    
   71.4000015      -294.323883    
   71.5000000      -288.175537    
   71.5999985      -288.074432    
   71.6999969      -297.349884    
   71.8000031      -291.299774    
   71.9000015      -294.424957    
   72.0000000      -291.399902    
   72.0999985      -294.525085    
   72.1999969      -297.750427    
   72.3000031      -297.949738    
   72.4000015      -288.774445    
   72.5000000      -288.676208    
   72.5999985      -294.824554    
   72.6999969      -298.050842    
   72.8000031      -301.374390    
   72.9000015      -304.800934    
   73.0000000      -308.324768    
   73.0999985      -286.950073    
   73.1999969      -286.749786    
   73.3000031      -277.174896    
   73.4000015      -304.800934    
   73.5000000      -298.949188    
   73.5999985      -286.650604    
   73.6999969      -292.699768    
   73.8000031      -292.699768    
   73.9000015      -305.199585    
   74.0000000      -293.100311    
   74.0999985      -283.724731    
   74.1999969      -289.675659    
   74.3000031      -295.824005    
   74.4000015      -302.175476    
   74.5000000      -299.349731    
   74.5999985      -290.175385    
   74.6999969      -283.824860    
   74.8000031      -308.525024    
   74.9000015      -302.775330    
   75.0000000      -278.075165    
   75.0999985      -296.324677    
   75.1999969      -308.924622    
   75.3000031      -284.425690    
   75.4000015      -293.499908    
   75.5000000      -302.874512    
   75.5999985      -281.300507    
   75.6999969      -302.775330    
   75.8000031      -309.325165    
   75.9000015      -278.574890    
   76.0000000      -299.949585    
   76.0999985      -297.025635    
   76.1999969      -293.999634    
   76.3000031      -300.250000    
   76.4000015      -294.199890    
   76.5000000      -303.574524    
   76.5999985      -291.375122    
   76.6999969      -297.525360    
   76.8000031      -297.625488    
   76.9000015      -285.224854    
   77.0000000      -303.675598    
   77.0999985      -303.975067    
   77.1999969      -298.025085    
   77.3000031      -260.624847    
   77.4000015      -293.900452    
   77.5000000      -331.400818    
   77.5999985      -282.600342    
   77.6999969      -291.574432    
   77.8000031      -303.975067    
   77.9000015      -291.774689    
   78.0000000      -301.050140    
   78.0999985      -298.125214    
   78.1999969      -291.974976    
   78.3000031      -301.250397    
   78.4000015      -301.449738    
   78.5000000      -292.274414    
   78.5999985      -295.300446    
   78.6999969      -298.425629    
   78.8000031      -298.524811    
   78.9000015      -298.624939    
   79.0000000      -292.474701    
   79.0999985      -298.624939    
   79.1999969      -298.725067    
   79.3000031      -295.700012    
   79.4000015      -298.824249    
   79.5000000      -298.925354    
   79.5999985      -295.900299    
   79.6999969      -299.025482    
   79.8000031      -299.125610    
   79.9000015      -296.099609    
   80.0000000      -308.599426    
   80.0999985      -290.249786    
   80.1999969      -299.425079    
   80.3000031      -305.775604    
   80.4000015      -287.324860    
   80.5000000      -305.775604    
   80.5999985      -293.575226    
   80.6999969      -296.600281    
   80.8000031      -309.100098    
   80.9000015      -287.625275    
   81.0000000      -302.949860    
   81.0999985      -296.899750    
   81.1999969      -290.650330    
   81.3000031      -299.824677    
   81.4000015      -290.550171    
   81.5000000      -299.725494    
   81.5999985      -299.824677    
   81.6999969      -296.799622    
   81.8000031      -303.049988    
   81.9000015      -300.125061    
   82.0000000      -297.100006    
   82.0999985      -300.225220    
   82.1999969      -297.200165    
   82.3000031      -297.200165    
   82.4000015      -300.324402    
   82.5000000      -297.300293    
   82.5999985      -303.550659    
   82.6999969      -297.499603    
   82.8000031      -297.499603    
   82.9000015      -300.624786    
   83.0000000      -300.724945    
   83.0999985      -294.574677    
   83.1999969      -300.724945    
   83.3000031      -297.699890    
   83.4000015      -297.699890    
   83.5000000      -300.824127    
   83.5999985      -297.800018    
   83.6999969      -297.800018    
   83.8000031      -297.800018    
   83.9000015      -297.800018    
   84.0000000      -297.800018    
   84.0999985      -297.800018    
   84.1999969      -300.925201    
   84.3000031      -294.774963    
   84.4000015      -300.925201    
   84.5000000      -297.900146    
   84.5999985      -304.150543    
   84.6999969      -298.100433    
   84.8000031      -301.225616    
   84.9000015      -295.074402    
   85.0000000      -301.225616    
   85.0999985      -301.323853    
   85.1999969      -301.424927    
   85.3000031      -295.274689    
   85.4000015      -301.424927    
   85.5000000      -298.399872    
   85.5999985      -301.525055    
   85.6999969      -304.750397    
   85.8000031      -301.824524    
   85.9000015      -295.676178    
   86.0000000      -298.700287    
   86.0999985      -298.700287    
   86.1999969      -298.700287    
   86.3000031      -301.824524    
   86.4000015      -301.925598    
   86.5000000      -305.149994    
   86.5999985      -295.974670    
   86.6999969      -302.124939    
   86.8000031      -295.974670    
   86.9000015      -302.124939    
   87.0000000      -292.849487    
   87.0999985      -317.649780    
   87.1999969      -405.750214    
   87.3000031      -190.400085    
   87.4000015      -486.800110    
   87.5000000      -211.549728    
   87.5999985      -286.675415    
   87.6999969      -304.924927    
   87.8000031      -314.399658    
   87.9000015      -324.175781    
   88.0000000      -381.125397    
   88.0999985      -621.125122    
   88.1999969       209.400146    
   88.3000031      -292.550995    
   88.4000015      -295.474945    
   88.5000000      -257.875397    
   88.5999985      -319.074585    
   88.6999969      -360.400146    
   88.8000031      -124.899841    
   88.9000015      -397.425598    
   89.0000000      -256.974182    
   89.0999985      -271.300262    
   89.1999969      -329.874939    
   89.3000031      -349.724701    
   89.4000015      -323.300323    
   89.5000000      -374.099670    
   89.5999985      -204.625092    
   89.6999969      -298.399872    
   89.8000031      -320.275269    
   89.9000015      -324.099487    
   90.0000000      -281.149811    
   90.0999985      -318.050323    
   90.1999969      -309.275574    
   90.3000031      -306.449829    
   90.4000015      -306.650116    
   90.5000000      -294.349609    
   90.5999985      -353.525116    
   90.6999969      -264.599762    
   90.8000031      -304.025604    
   90.9000015      -313.499390    
   91.0000000      -276.400513    
   91.0999985      -300.600006    
   91.1999969      -297.474823    
   91.3000031      -294.249481    
   91.4000015      -297.175354    
   91.5000000      -343.950226    
   91.5999985      -326.600006    
   91.6999969      -289.899780    
   91.8000031      -286.375000    
   91.9000015      -295.249878    
   92.0000000      -357.550568    
   92.0999985      -234.349213    
   92.1999969      -313.400208    
   92.3000031      -298.175751    
   92.4000015      -285.574860    
   92.5000000      -291.324554    
   92.5999985      -306.650116    
   92.6999969      -359.974792    
   92.8000031      -302.499725    
   92.9000015      -286.874725    
   93.0000000      -292.625366    
   93.0999985      -279.824219    
   93.1999969      -294.749207    
   93.3000031      -303.925476    
   93.4000015      -300.900421    
   93.5000000      -319.650604    
   93.5999985      -279.624878    
   93.6999969      -291.425659    
   93.8000031      -297.374664    
   93.9000015      -325.400299    
   94.0000000      -304.324097    
   94.0999985      -304.425201    
   94.1999969      -307.650513    
   94.3000031      -323.474823    
   94.4000015      -314.801178    
   94.5000000      -302.699982    
   94.5999985      -305.824219    
   94.6999969      -302.800140    
   94.8000031      -309.050507    
   94.9000015      -303.000397    
   95.0000000      -296.750031    
   95.0999985      -299.675903    
   95.1999969      -318.324982    
   95.3000031      -312.574341    
   95.4000015      -306.625305    
   95.5000000      -281.724884    
   95.5999985      -299.775085    
   95.6999969      -302.800140    
   95.8000031      -312.175690    
   95.9000015      -299.974396    
   96.0000000      -296.750031    
   96.0999985      -315.300903    
   96.1999969      -281.324341    
   96.3000031      -314.999542    
   96.4000015      -315.400085    
   96.5000000      -275.175049    
   96.5999985      -336.774780    
   96.6999969      -297.249756    
   96.8000031      -293.925232    
   96.9000015      -296.750031    
   97.0000000      -296.550690    
   97.0999985      -299.474670    
   97.1999969      -296.249329    
   97.3000031      -252.301178    
   97.4000015      -235.074951    
   97.5000000      -307.974762    
   97.5999985      -317.649780    
   97.6999969      -333.875610    
   97.8000031      -331.850006    
   97.9000015      -364.100403    
   98.0000000      -378.600067    
   98.0999985      -262.249908    
   98.1999969      -307.724915    
   98.3000031      -298.449463    
   98.4000015      -301.374390    
   98.5000000      -298.150970    
   98.5999985      -304.200134    
   98.6999969      -322.949371    
   98.8000031      -301.675751    
   98.9000015      -298.449463    
   99.0000000      -285.749390    
   99.0999985      -288.274719    
   99.1999969      -309.650360    
   99.3000031      -331.725067    
   99.4000015      -338.874756    
   99.5000000      -286.849915    
   99.5999985      -280.000641    
   99.6999969      -297.949738    
   99.8000031      -300.874664    
   99.9000015      -338.274902    
   100.000000      -308.125458    
   100.099998      -314.475006    
   100.199997      -264.775238    
   100.300003      -363.474792    
   100.400002      -396.624512    
   100.500000      -215.149841    
   100.599998      -274.649567    
   100.699997      -270.524933    
   100.800003      -328.800140    
   100.900002      -304.599701    
   101.000000      -295.224152    
   101.099998      -360.550812    
   101.199997      -324.850037    
   101.300003      -375.449127    
   101.400002      -215.149841    
   101.500000      -284.025146    
   101.599998      -298.949188    
   101.699997      -345.624878    
   101.800003      -318.800873    
   101.900002      -316.074310    
   102.000000      -285.124725    
   102.099998      -334.425873    
   102.199997      -310.324615    
   102.300003      -247.924759    
   102.400002      -299.150421    
   102.500000      -280.199005    
   102.599998      -301.275208    
   102.699997      -344.925812    
   102.800003      -308.725311    
   102.900002      -243.200256    
   103.000000      -306.824646    
   103.099998      -338.174774    
   103.199997      -317.399933    
   103.300003      -317.800476    
   103.400002      -299.449860    
   103.500000      -296.125366    
   103.599998      -302.074371    
   103.699997      -314.475006    
   103.800003      -286.649658    
   103.900002      -279.800354    
   104.000000      -313.374481    
   104.099998      -326.175629    
   104.199997      -317.500061    
   104.300003      -327.275208    
   104.400002      -306.099854    
   104.500000      -290.474854    
   104.599998      -296.224548    
   104.699997      -311.550079    
   104.800003      -311.750366    
   104.900002      -290.075256    
   105.000000      -330.199188    
   105.099998      -343.500092    
   105.199997      -313.449799    
   105.300003      -444.899475    
   105.400002      -164.925552    
   105.500000      -263.350433    
   105.599998      -221.324890    
   105.699997      -309.250793    
   105.800003      -340.699127    
   105.900002      -316.900208    
   106.000000      -307.925171    
   106.099998      -311.150513    
   106.199997      -301.975189    
   106.300003      -308.125458    
   106.400002      -311.349823    
   106.500000      -308.424896    
   106.599998      -311.650238    
   106.699997      -302.474915    
   106.800003      -308.625183    
   106.900002      -311.849548    
   107.000000      -312.050781    
   107.099998      -299.749329    
   107.199997      -312.050781    
   107.300003      -302.874512    
   107.400002      -309.024750    
   107.500000      -309.124908    
   107.599998      -309.225037    
   107.699997      -299.949585    
   107.800003      -302.874512    
   107.900002      -299.650146    
   108.000000      -327.574677    
   108.099998      -318.900055    
   108.199997      -281.800232    
