0	-183.72				
0.04779999999996	-183.72				
0.0955999999999	-183.72				
0.1433999999999	-183.72				
0.1911999999998	-183.72				
0.2389999999998	-183.72				
0.2867999999998	-183.72				
0.3346000000002	-183.72				
0.3824000000002	-183.72				
0.4302000000001	-183.54				
0.478	-183.54				
0.5258	-183.54				
0.5736	-183.54				
0.6214	-183.54				
0.6692	-183.54				
0.717	-183.54				
0.7648	-183.54				
0.8126	-183.54				
0.8603999999995	-183.54				
0.9082000000005	-183.54				
0.956	-183.54				
1.0038	-183.54				
1.0516	-183.54				
1.0994	-183.54				
1.1472	-183.54				
1.195	-183.54				
1.2428	-183.36				
1.2906	-183.36				
1.3384	-183.36				
1.3862	-183.36				
1.434	-183.36				
1.4818	-183.36				
1.5296	-183.36				
1.5774	-183.36				
1.6252	-183.36				
1.673	-183.36				
1.7208	-183.36				
1.7686	-183.36				
1.8164	-183.36				
1.8642	-183.36				
1.912	-183.36				
1.9598	-183.36				
2.0076	-183.36				
2.0554	-183.36				
2.1032	-183.36				
2.151	-183.36				
2.1988	-183.36				
2.2466	-183.36				
2.2944	-183.36				
2.3422	-183.36				
2.39	-183.36				
2.4378	-183.36				
2.4856	-183.36				
2.5334	-183.36				
2.5812	-183.36				
2.629	-183.36				
2.6768	-183.36				
2.7246	-183.36				
2.7724	-183.36				
2.8202	-183.36				
2.868	-183.36				
2.9158	-183.36				
2.9636	-183.36				
3.0114	-183.36				
3.0592	-183.36				
3.107	-183.36				
3.1548	-183.36				
3.2026	-183.36				
3.2504	-183.36				
3.2982	-183.36				
3.346	-183.36				
3.3938	-183.36				
3.4416	-183.36				
3.4894	-183.36				
3.5372	-183.18				
3.585	-183.18				
3.6328	-183.18				
3.6806	-183.18				
3.7284	-183.18				
3.7762	-183.18				
3.824	-183.18				
3.8718	-183.18				
3.9196	-183.18				
3.9674	-183.18				
4.0152	-183.18				
4.063	-183.18				
4.1108	-183.18				
4.1586	-183.18				
4.2064	-183.18				
4.2542	-183.18				
4.302	-183.18				
4.3498	-183.18				
4.3976	-183.18				
4.4454	-183.18				
4.4932	-183.18				
4.541	-183.18				
4.5888	-183.18				
4.6366	-183.18				
4.6844	-183				
4.7322	-183				
4.78	-183				
4.8278	-183				
4.8756	-183				
4.9234	-183				
4.9712	-183				
5.019	-183				
5.0668	-183				
5.1146	-183				
5.1624	-183				
5.2102	-183				
5.258	-183				
5.3058	-183				
5.3536	-183				
5.4014	-183				
5.4492	-183				
5.497	-183				
5.5448	-183				
5.5926	-183				
5.6404	-183				
5.6882	-183				
5.736	-183				
5.7838	-183				
5.8316	-183				
5.8794	-183				
5.9272	-183				
5.975	-183				
6.0228	-183				
6.0706	-183				
6.1184	-183				
6.1662	-183				
6.214	-183				
6.2618	-183				
6.3096	-183				
6.3574	-183				
6.4052	-183				
6.453	-183				
6.5008	-183				
6.5486	-183				
6.5964	-183				
6.6442	-183				
6.692	-183				
6.7398	-183				
6.7876	-183				
6.8354	-183				
6.8832	-183				
6.931	-183				
6.9788	-183				
7.0266	-183				
7.0744	-183				
7.1222	-183				
7.17	-183				
7.2178	-183				
7.2656	-183				
7.3134	-183				
7.3612	-183				
7.409	-183				
7.4568	-183				
7.5046	-183				
7.5524	-183				
7.6002	-183				
7.648	-183				
7.6958	-183				
7.7436	-183				
7.7914	-183				
7.8392	-183				
7.887	-183.18				
7.9348	-183.18				
7.9826	-183.18				
8.0304	-183.18				
8.0782	-183.18				
8.126	-183.18				
8.1738	-183.18				
8.2216	-183.18				
8.2694	-183.18				
8.3172	-183.18				
8.365	-183.18				
8.4128	-183.18				
8.4606	-183.18				
8.5084	-183.18				
8.5562	-183.18				
8.604	-183.18				
8.6518	-183.18				
8.6996	-183.18				
8.7474	-183.18				
8.7952	-183				
8.843	-183				
8.8908	-183				
8.9386	-183				
8.9864	-183				
9.0342	-183				
9.082	-183				
9.1298	-183				
9.1776	-183				
9.2254	-183				
9.2732	-183				
9.321	-183				
9.3688	-183				
9.4166	-183				
9.4644	-183				
9.5122	-183				
9.56	-183				
9.6078	-183				
9.6556	-183				
9.7034	-183				
9.7512	-183				
9.799	-183				
9.8468	-183				
9.8946	-183				
9.9424	-183				
9.9902	-183				
10.038	-183				
10.0858	-183				
10.1336	-183				
10.1814	-183				
10.2292	-183				
10.277	-183				
10.3248	-183				
10.3726	-183				
10.4204	-183				
10.4682	-183				
10.516	-183				
10.5638	-183				
10.6116	-183				
10.6594	-183				
10.7072	-183				
10.755	-183				
10.8028	-183				
10.8506	-183				
10.8984	-183				
10.9462	-183				
10.994	-183				
11.0418	-183				
11.0896	-183				
11.1374	-183				
11.1852	-183				
11.233	-183				
11.2808	-183				
11.3286	-183				
11.3764	-183				
11.4242	-183				
11.472	-183				
11.5198	-183				
11.5676	-183				
11.6154	-183				
11.6632	-183				
11.711	-183				
11.7588	-183				
11.8066	-183				
11.8544	-183				
11.9022	-183				
11.95	-183				
11.9978	-183				
12.0456	-183				
12.0934	-183				
12.1412	-183				
12.189	-183				
12.2368	-183				
12.2846	-183				
12.3324	-183				
12.3802	-183				
12.428	-183				
12.4758	-183				
12.5236	-183				
12.5714	-183				
12.6192	-183				
12.667	-183				
12.7148	-183				
12.7626	-183				
12.8104	-183				
12.8582	-183				
12.906	-183				
12.9538	-183				
13.0016	-183				
13.0494	-183				
13.0972	-183				
13.145	-183				
13.1928	-183				
13.2406	-183				
13.2884	-183				
13.3362	-183				
13.384	-183				
13.4318	-183				
13.4796	-183				
13.5274	-183				
13.5752	-183				
13.623	-183				
13.6708	-183				
13.7186	-183				
13.7664	-183				
13.8142	-183				
13.862	-183				
13.9098	-183				
13.9576	-183				
14.0054	-183				
14.0532	-183				
14.101	-183				
14.1488	-183				
14.1966	-183				
14.2444	-183				
14.2922	-183				
14.34	-183				
14.3878	-183				
14.4356	-183				
14.4834	-183				
14.5312	-183				
14.579	-183				
14.6268	-183				
14.6746	-183				
14.7224	-183				
14.7702	-183				
14.818	-183				
14.8658	-183				
14.9136	-183				
14.9614	-183				
15.0092	-183				
15.057	-183				
15.1048	-183				
15.1526	-183				
15.2004	-183				
15.2482	-183				
15.296	-183				
15.3438	-183				
15.3916	-183				
15.4394	-183				
15.4872	-183				
15.535	-183				
15.5828	-183				
15.6306	-183				
15.6784	-183				
15.7262	-183				
15.774	-183				
15.8218	-183				
15.8696	-183				
15.9174	-183				
15.9652	-183				
16.013	-183				
16.0608	-183				
16.1086	-183				
16.1564	-183				
16.2042	-183				
16.252	-183				
16.2998	-183				
16.3476	-183				
16.3954	-183				
16.4432	-183				
16.491	-183				
16.5388	-183				
16.5866	-183				
16.6344	-183				
16.6822	-183				
16.73	-183				
16.7778	-183				
16.8256	-183				
16.8734	-183				
16.9212	-183				
16.969	-183				
17.0168	-183				
17.0646	-183				
17.1124	-183				
17.1602	-183				
17.208	-183				
17.2558	-183				
17.3036	-183				
17.3514	-183				
17.3992	-183				
17.447	-183				
17.4948	-183				
17.5426	-183				
17.5904	-183				
17.6382	-183				
17.686	-183				
17.7338	-183				
17.7816	-183				
17.8294	-182.82				
17.8772	-182.82				
17.925	-182.82				
17.9728	-182.82				
18.0206	-182.82				
18.0684	-182.82				
18.1162	-182.82				
18.164	-182.82				
18.2118	-182.82				
18.2596	-182.82				
18.3074	-182.82				
18.3552	-182.82				
18.403	-182.82				
18.4508	-182.82				
18.4986	-182.82				
18.5464	-182.82				
18.5942	-182.82				
18.642	-182.82				
18.6898	-182.82				
18.7376	-182.82				
18.7854	-182.82				
18.8332	-182.82				
18.881	-182.82				
18.9288	-182.82				
18.9766	-182.82				
19.0244	-182.82				
19.0722	-182.82				
19.12	-182.82				
19.1678	-182.82				
19.2156	-182.82				
19.2634	-182.82				
19.3112	-182.82				
19.359	-182.82				
19.4068	-182.82				
19.4546	-182.82				
19.5024	-182.82				
19.5502	-182.82				
19.598	-182.82				
19.6458	-182.82				
19.6936	-182.82				
19.7414	-182.82				
19.7892	-182.82				
19.837	-182.82				
19.8848	-182.82				
19.9326	-182.82				
19.9804	-182.82				
20.0282	-182.82				
20.076	-183				
20.1238	-183				
20.1716	-183				
20.2194	-183				
20.2672	-183				
20.315	-183				
20.3628	-183				
20.4106	-183				
20.4584	-183				
20.5062	-183				
20.554	-183				
20.6018	-183				
20.6496	-183				
20.6974	-183				
20.7452	-183				
20.793	-183				
20.8408	-183				
20.8886	-183				
20.9364	-183				
20.9842	-183				
21.032	-183				
21.0798	-183				
21.1276	-183				
21.1754	-183				
21.2232	-183				
21.271	-183				
21.3188	-183				
21.3666	-183				
21.4144	-183				
21.4622	-183				
21.51	-183				
21.5578	-183				
21.6056	-183				
21.6534	-183				
21.7012	-183				
21.749	-183				
21.7968	-183				
21.8446	-183				
21.8924	-183				
21.9402	-183				
21.988	-183				
22.0358	-183				
22.0836	-183				
22.1314	-183				
22.1792	-183				
22.227	-183				
22.2748	-183				
22.3226	-183				
22.3704	-183				
22.4182	-183				
22.466	-183				
22.5138	-183				
22.5616	-183				
22.6094	-183				
22.6572	-183				
22.705	-183				
22.7528	-183				
22.8006	-183				
22.8484	-183				
22.8962	-183				
22.944	-183				
22.9918	-183				
23.0396	-183				
23.0874	-183				
23.1352	-183				
23.183	-183				
23.2308	-183				
23.2786	-183				
23.3264	-183				
23.3742	-183				
23.422	-183				
23.4698	-183				
23.5176	-183				
23.5654	-183				
23.6132	-183				
23.661	-183				
23.7088	-183				
23.7566	-182.82				
23.8044	-182.82				
23.8522	-182.82				
23.9	-182.82				
23.9478	-182.82				
23.9956	-182.82				
24.0434	-182.82				
24.0912	-182.82				
24.139	-182.82				
24.1868	-182.82				
24.2346	-182.82				
24.2824	-182.82				
24.3302	-182.82				
24.378	-182.82				
24.4258	-182.82				
24.4736	-182.82				
24.5214	-182.82				
24.5692	-182.82				
24.617	-182.82				
24.6648	-182.82				
24.7126	-182.82				
24.7604	-182.82				
24.8082	-182.82				
24.856	-182.82				
24.9038	-182.82				
24.9516	-182.82				
24.9994	-182.82				
25.0472	-182.82				
25.095	-182.82				
25.1428	-182.82				
25.1906	-182.82				
25.2384	-182.82				
25.2862	-182.82				
25.334	-182.82				
25.3818	-182.82				
25.4296	-182.82				
25.4774	-182.82				
25.5252	-182.82				
25.573	-182.82				
25.6208	-182.82				
25.6686	-182.82				
25.7164	-182.82				
25.7642	-182.82				
25.812	-182.82				
25.8598	-182.82				
25.9076	-182.82				
25.9554	-182.82				
26.0032	-182.82				
26.051	-182.82				
26.0988	-182.82				
26.1466	-182.82				
26.1944	-182.82				
26.2422	-182.82				
26.29	-182.82				
26.3378	-183				
26.3856	-183				
26.4334	-183				
26.4812	-183				
26.529	-183				
26.5768	-183				
26.6246	-183				
26.6724	-183				
26.7202	-183				
26.768	-182.82				
26.8158	-182.82				
26.8636	-182.82				
26.9114	-182.82				
26.9592	-182.82				
27.007	-182.82				
27.0548	-182.82				
27.1026	-182.82				
27.1504	-182.82				
27.1982	-182.82				
27.246	-182.82				
27.2938	-182.82				
27.3416	-182.82				
27.3894	-182.82				
27.4372	-182.82				
27.485	-182.82				
27.5328	-182.82				
27.5806	-182.82				
27.6284	-182.82				
27.6762	-182.82				
27.724	-182.82				
27.7718	-182.82				
27.8196	-182.82				
27.8674	-182.82				
27.9152	-182.82				
27.963	-182.82				
28.0108	-182.82				
28.0586	-182.82				
28.1064	-182.82				
28.1542	-182.82				
28.202	-182.82				
28.2498	-182.82				
28.2976	-182.82				
28.3454	-182.82				
28.3932	-182.82				
28.441	-182.82				
28.4888	-182.82				
28.5366	-182.82				
28.5844	-182.82				
28.6322	-182.82				
28.68	-182.82				
28.7278	-182.82				
28.7756	-182.82				
28.8234	-182.82				
28.8712	-182.82				
28.919	-182.82				
28.9668	-182.82				
29.0146	-182.82				
29.0624	-182.82				
29.1102	-182.82				
29.158	-182.82				
29.2058	-182.82				
29.2536	-182.82				
29.3014	-182.82				
29.3492	-182.82				
29.397	-182.82				
29.4448	-182.82				
29.4926	-182.82				
29.5404	-182.82				
29.5882	-182.82				
29.636	-182.82				
29.6838	-182.82				
29.7316	-182.82				
29.7794	-182.82				
29.8272	-182.82				
29.875	-182.82				
29.9228	-182.82				
29.9706	-182.82				
30.0184	-182.82				
30.0662	-182.82				
30.114	-182.82				
30.1618	-182.82				
30.2096	-182.82				
30.2574	-182.82				
30.3052	-182.82				
30.353	-182.82				
30.4008	-182.82				
30.4486	-182.82				
30.4964	-182.82				
30.5442	-182.82				
30.592	-182.82				
30.6398	-182.82				
30.6876	-182.82				
30.7354	-182.82				
30.7832	-182.82				
30.831	-182.82				
30.8788	-182.82				
30.9266	-182.82				
30.9744	-182.82				
31.0222	-182.82				
31.07	-182.82				
31.1178	-182.82				
31.1656	-182.82				
31.2134	-182.82				
31.2612	-182.82				
31.309	-182.82				
31.3568	-182.82				
31.4046	-182.82				
31.4524	-182.82				
31.5002	-182.82				
31.548	-182.82				
31.5958	-182.82				
31.6436	-182.82				
31.6914	-182.82				
31.7392	-182.82				
31.787	-182.82				
31.8348	-182.82				
31.8826	-182.82				
31.9304	-182.82				
31.9782	-182.82				
32.026	-182.82				
32.0738	-182.82				
32.1216	-182.82				
32.1694	-182.82				
32.2172	-182.82				
32.265	-182.82				
32.3128	-182.82				
32.3606	-182.82				
32.4084	-182.64				
32.4562	-182.64				
32.504	-182.64				
32.5518	-182.64				
32.5996	-182.64				
32.6474	-182.64				
32.6952	-182.64				
32.743	-182.64				
32.7908	-182.64				
32.8386	-182.64				
32.8864	-182.64				
32.9342	-182.64				
32.982	-182.64				
33.0298	-182.64				
33.0776	-182.64				
33.1254	-182.64				
33.1732	-182.46				
33.221	-182.46				
33.2688	-182.46				
33.3166	-182.46				
33.3644	-182.46				
33.4122	-182.46				
33.46	-182.46				
33.5078	-182.46				
33.5556	-182.46				
33.6034	-182.46				
33.6512	-182.46				
33.699	-182.46				
33.7468	-182.46				
33.7946	-182.46				
33.8424	-182.46				
33.8902	-182.46				
33.938	-182.46				
33.9858	-182.46				
34.0336	-182.64				
34.0814	-182.64				
34.1292	-182.64				
34.177	-182.64				
34.2248	-182.64				
34.2726	-182.64				
34.3204	-182.64				
34.3682	-182.64				
34.416	-182.64				
34.4638	-182.64				
34.5116	-182.64				
34.5594	-182.64				
34.6072	-182.64				
34.655	-182.64				
34.7028	-182.64				
34.7506	-182.64				
34.7984	-182.46				
34.8462	-182.46				
34.894	-182.46				
34.9418	-182.46				
34.9896	-182.46				
35.0374	-182.46				
35.0852	-182.46				
35.133	-182.46				
35.1808	-182.46				
35.2286	-182.46				
35.2764	-182.46				
35.3242	-182.46				
35.372	-182.46				
35.4198	-182.46				
35.4676	-182.46				
35.5154	-182.46				
35.5632	-182.46				
35.611	-182.46				
35.6588	-182.46				
35.7066	-182.46				
35.7544	-182.46				
35.8022	-182.46				
35.85	-182.46				
35.8978	-182.46				
35.9456	-182.46				
35.9934	-182.46				
36.0412	-182.46				
36.089	-182.46				
36.1368	-182.46				
36.1846	-182.46				
36.2324	-182.46				
36.2802	-182.46				
36.328	-182.46				
36.3758	-182.46				
36.4236	-182.46				
36.4714	-182.46				
36.5192	-182.46				
36.567	-182.46				
36.6148	-182.46				
36.6626	-182.46				
36.7104	-182.46				
36.7582	-182.46				
36.806	-182.46				
36.8538	-182.46				
36.9016	-182.46				
36.9494	-182.46				
36.9972	-182.46				
37.045	-182.46				
37.0928	-182.46				
37.1406	-182.46				
37.1884	-182.46				
37.2362	-182.46				
37.284	-182.46				
37.3318	-182.46				
37.3796	-182.46				
37.4274	-182.46				
37.4752	-182.46				
37.523	-182.46				
37.5708	-182.46				
37.6186	-182.46				
37.6664	-182.46				
37.7142	-182.46				
37.762	-182.46				
37.8098	-182.46				
37.8576	-182.46				
37.9054	-182.46				
37.9532	-182.46				
38.001	-182.46				
38.0488	-182.46				
38.0966	-182.46				
38.1444	-182.46				
38.1922	-182.46				
38.24	-182.46				
38.2878	-182.46				
38.3356	-182.46				
38.3834	-182.46				
38.4312	-182.46				
38.479	-182.46				
38.5268	-182.46				
38.5746	-182.46				
38.6224	-182.46				
38.6702	-182.46				
38.718	-182.46				
38.7658	-182.46				
38.8136	-182.28				
38.8614	-182.28				
38.9092	-182.28				
38.957	-182.28				
39.0048	-182.28				
39.0526	-182.28				
39.1004	-182.28				
39.1482	-182.28				
39.196	-182.28				
39.2438	-182.28				
39.2916	-182.28				
39.3394	-182.28				
39.3872	-182.28				
39.435	-182.28				
39.4828	-182.28				
39.5306	-182.28				
39.5784	-182.28				
39.6262	-182.28				
39.674	-182.28				
39.7218	-182.28				
39.7696	-182.28				
39.8174	-182.28				
39.8652	-182.28				
39.913	-182.28				
39.9608	-182.28				
40.0086	-182.28				
40.0564	-182.28				
40.1042	-182.28				
40.152	-182.28				
40.1998	-182.28				
40.2476	-182.28				
40.2954	-182.28				
40.3432	-182.28				
40.391	-182.28				
40.4388	-182.28				
40.4866	-182.28				
40.5344	-182.28				
40.5822	-182.28				
40.63	-182.28				
40.6778	-182.28				
40.7256	-182.28				
40.7734	-182.28				
40.8212	-182.28				
40.869	-182.28				
40.9168	-182.28				
40.9646	-182.28				
41.0124	-182.28				
41.0602	-182.28				
41.108	-182.28				
41.1558	-182.28				
41.2036	-182.28				
41.2514	-182.28				
41.2992	-182.28				
41.347	-182.28				
41.3948	-182.28				
41.4426	-182.28				
41.4904	-182.28				
41.5382	-182.28				
41.586	-182.28				
41.6338	-182.28				
41.6816	-182.28				
41.7294	-182.28				
41.7772	-182.28				
41.825	-182.28				
41.8728	-182.28				
41.9206	-182.28				
41.9684	-182.28				
42.0162	-182.28				
42.064	-182.28				
42.1118	-182.28				
42.1596	-182.28				
42.2074	-182.28				
42.2552	-182.28				
42.303	-182.28				
42.3508	-182.28				
42.3986	-182.28				
42.4464	-182.28				
42.4942	-182.28				
42.542	-182.28				
42.5898	-182.28				
42.6376	-182.28				
42.6854	-182.28				
42.7332	-182.28				
42.781	-182.28				
42.8288	-182.28				
42.8766	-182.28				
42.9244	-182.28				
42.9722	-182.28				
43.02	-182.28				
43.0678	-182.28				
43.1156	-182.28				
43.1634	-182.28				
43.2112	-182.28				
43.259	-182.28				
43.3068	-182.28				
43.3546	-182.28				
43.4024	-182.28				
43.4502	-182.28				
43.498	-182.28				
43.5458	-182.28				
43.5936	-182.28				
43.6414	-182.28				
43.6892	-182.28				
43.737	-182.28				
43.7848	-182.28				
43.8326	-182.1				
43.8804	-182.1				
43.9282	-182.1				
43.976	-182.1				
44.0238	-182.1				
44.0716	-182.1				
44.1194	-182.1				
44.1672	-182.1				
44.215	-182.1				
44.2628	-182.1				
44.3106	-182.1				
44.3584	-181.92				
44.4062	-181.92				
44.454	-181.92				
44.5018	-181.92				
44.5496	-181.92				
44.5974	-181.92				
44.6452	-181.92				
44.693	-181.92				
44.7408	-181.92				
44.7886	-181.92				
44.8364	-181.92				
44.8842	-181.92				
44.932	-181.92				
44.9798	-181.92				
45.0276	-181.74				
45.0754	-181.74				
45.1232	-181.74				
45.171	-181.74				
45.2188	-181.74				
45.2666	-181.74				
45.3144	-181.74				
45.3622	-181.74				
45.41	-181.74				
45.4578	-181.74				
45.5056	-181.74				
45.5534	-181.74				
45.6012	-181.56				
45.649	-181.56				
45.6968	-181.56				
45.7446	-181.56				
45.7924	-181.56				
45.8402	-181.38				
45.888	-181.38				
45.9358	-181.38				
45.9836	-181.38				
46.0314	-181.2				
46.0792	-181.2				
46.127	-181.2				
46.1748	-181.2				
46.2226	-181.02				
46.2704	-181.02				
46.3182	-181.02				
46.366	-181.02				
46.4138	-181.02				
46.4616	-180.84				
46.5094	-180.84				
46.5572	-180.84				
46.605	-180.84				
46.6528	-180.84				
46.7006	-180.84				
46.7484	-180.84				
46.7962	-180.84				
46.844	-180.84				
46.8918	-180.84				
46.9396	-180.84				
46.9874	-180.84				
47.0352	-180.84				
47.083	-180.84				
47.1308	-180.84				
47.1786	-181.02				
47.2264	-181.02				
47.2742	-181.02				
47.322	-181.02				
47.3698	-181.02				
47.4176	-181.02				
47.4654	-181.02				
47.5132	-181.02				
47.561	-180.84				
47.6088	-180.84				
47.6566	-180.84				
47.7044	-180.66				
47.7522	-180.48				
47.8	-180.3				
47.8478	-180.12				
47.8956	-179.94				
47.9434	-179.76				
47.9912	-179.4				
48.039	-179.22				
48.0868	-178.86				
48.1346	-178.5				
48.1824	-178.14				
48.2302	-177.78				
48.278	-177.42				
48.3258	-177.06				
48.3736	-176.7				
48.4214	-176.34				
48.4692	-175.98				
48.517	-175.62				
48.5648	-175.26				
48.6126	-175.08				
48.6604	-174.72				
48.7082	-174.36				
48.756	-174.18				
48.8038	-174				
48.8516	-173.64				
48.8994	-173.64				
48.9472	-173.46				
48.995	-173.46				
49.0428	-173.64				
49.0906	-174				
49.1384	-174.54				
49.1862	-175.08				
49.234	-176.16				
49.2818	-177.24				
49.3296	-178.68				
49.3774	-180.3				
49.4252	-182.1				
49.473	-184.26				
49.5208	-186.42				
49.5686	-188.94				
49.6164	-191.64				
49.6642	-194.34				
49.712	-197.04				
49.7598	-199.92				
49.8076	-202.62				
49.8554	-205.32				
49.9032	-208.02				
49.951	-210.54				
49.9988	-212.88				
50.0466	-215.22				
50.0944	-217.38				
50.1422	-219.18				
50.19	-220.98				
50.2378	-222.6				
50.2856	-224.04				
50.3334	-225.48				
50.3812	-226.56				
50.429	-227.64				
50.4768	-228.72				
50.5246	-229.44				
50.5724	-230.34				
50.6202	-231.06				
50.668	-231.6				
50.7158	-232.14				
50.7636	-232.68				
50.8114	-233.04				
50.8592	-233.58				
50.907	-233.94				
50.9548	-234.3				
51.0026	-234.66				
51.0504	-234.84				
51.0982	-235.2				
51.146	-235.56				
51.1938	-235.92				
51.2416	-236.1				
51.2894	-236.46				
51.3372	-236.82				
51.385	-237.18				
51.4328	-237.54				
51.4806	-237.72				
51.5284	-238.08				
51.5762	-238.44				
51.624	-238.8				
51.6718	-239.16				
51.7196	-239.52				
51.7674	-239.88				
51.8152	-240.24				
51.863	-240.6				
51.9108	-240.96				
51.9586	-241.32				
52.0064	-241.68				
52.0542	-242.04				
52.102	-242.4				
52.1498	-242.76				
52.1976	-243.12				
52.2454	-243.3				
52.2932	-243.66				
52.341	-244.02				
52.3888	-244.38				
52.4366	-244.74				
52.4844	-245.1				
52.5322	-245.28				
52.58	-245.64				
52.6278	-246				
52.6756	-246.18				
52.7234	-246.54				
52.7712	-246.9				
52.819	-247.08				
52.8668	-247.44				
52.9146	-247.62				
52.9624	-247.98				
53.0102	-248.16				
53.058	-248.52				
53.1058	-248.7				
53.1536	-249.06				
53.2014	-249.24				
53.2492	-249.42				
53.297	-249.78				
53.3448	-249.96				
53.3926	-250.14				
53.4404	-250.5				
53.4882	-250.68				
53.536	-250.86				
53.5838	-251.04				
53.6316	-251.4				
53.6794	-251.58				
53.7272	-251.76				
53.775	-251.94				
53.8228	-252.12				
53.8706	-252.48				
53.9184	-252.66				
53.9662	-252.84				
54.014	-253.02				
54.0618	-253.2				
54.1096	-253.38				
54.1574	-253.56				
54.2052	-253.74				
54.253	-253.92				
54.3008	-254.1				
54.3486	-254.28				
54.3964	-254.46				
54.4442	-254.64				
54.492	-254.82				
54.5398	-255				
54.5876	-255.18				
54.6354	-255.36				
54.6832	-255.54				
54.731	-255.72				
54.7788	-255.9				
54.8266	-256.08				
54.8744	-256.26				
54.9222	-256.44				
54.97	-256.62				
55.0178	-256.8				
55.0656	-256.8				
55.1134	-256.98				
55.1612	-257.16				
55.209	-257.34				
55.2568	-257.52				
55.3046	-257.7				
55.3524	-257.7				
55.4002	-257.88				
55.448	-258.06				
55.4958	-258.24				
55.5436	-258.24				
55.5914	-258.42				
55.6392	-258.6				
55.687	-258.78				
55.7348	-258.78				
55.7826	-258.96				
55.8304	-259.14				
55.8782	-259.32				
55.926	-259.32				
55.9738	-259.5				
56.0216	-259.68				
56.0694	-259.68				
56.1172	-259.86				
56.165	-260.04				
56.2128	-260.04				
56.2606	-260.22				
56.3084	-260.4				
56.3562	-260.4				
56.404	-260.58				
56.4518	-260.58				
56.4996	-260.76				
56.5474	-260.94				
56.5952	-260.94				
56.643	-261.12				
56.6908	-261.12				
56.7386	-261.3				
56.7864	-261.3				
56.8342	-261.48				
56.882	-261.48				
56.9298	-261.66				
56.9776	-261.84				
57.0254	-261.84				
57.0732	-262.02				
57.121	-262.02				
57.1688	-262.2				
57.2166	-262.2				
57.2644	-262.38				
57.3122	-262.38				
57.36	-262.56				
57.4078	-262.56				
57.4556	-262.74				
57.5034	-262.74				
57.5512	-262.92				
57.599	-262.92				
57.6468	-263.1				
57.6946	-263.1				
57.7424	-263.28				
57.7902	-263.28				
57.838	-263.46				
57.8858	-263.46				
57.9336	-263.64				
57.9814	-263.64				
58.0292	-263.82				
58.077	-263.82				
58.1248	-264				
58.1726	-264				
58.2204	-264.18				
58.2682	-264.18				
58.316	-264.36				
58.3638	-264.36				
58.4116	-264.54				
58.4594	-264.54				
58.5072	-264.54				
58.555	-264.72				
58.6028	-264.72				
58.6506	-264.9				
58.6984	-264.9				
58.7462	-264.9				
58.794	-265.08				
58.8418	-265.08				
58.8896	-265.26				
58.9374	-265.26				
58.9852	-265.44				
59.033	-265.44				
59.0808	-265.44				
59.1286	-265.62				
59.1764	-265.62				
59.2242	-265.8				
59.272	-265.8				
59.3198	-265.8				
59.3676	-265.98				
59.4154	-265.98				
59.4632	-266.16				
59.511	-266.16				
59.5588	-266.16				
59.6066	-266.34				
59.6544	-266.34				
59.7022	-266.34				
59.75	-266.52				
59.7978	-266.52				
59.8456	-266.7				
59.8934	-266.7				
59.9412	-266.7				
59.989	-266.88				
60.0368	-266.88				
60.0846	-266.88				
60.1324	-267.06				
60.1802	-267.06				
60.228	-267.24				
60.2758	-267.24				
60.3236	-267.24				
60.3714	-267.42				
60.4192	-267.42				
60.467	-267.42				
60.5148	-267.6				
60.5626	-267.6				
60.6104	-267.6				
60.6582	-267.6				
60.706	-267.78				
60.7538	-267.78				
60.8016	-267.96				
60.8494	-267.96				
60.8972	-267.96				
60.945	-268.14				
60.9928	-268.14				
61.0406	-268.14				
61.0884	-268.14				
61.1362	-268.32				
61.184	-268.32				
61.2318	-268.32				
61.2796	-268.5				
61.3274	-268.5				
61.3752	-268.5				
61.423	-268.5				
61.4708	-268.68				
61.5186	-268.68				
61.5664	-268.68				
61.6142	-268.86				
61.662	-268.86				
61.7098	-268.86				
61.7576	-269.04				
61.8054	-269.04				
61.8532	-269.04				
61.901	-269.04				
61.9488	-269.22				
61.9966	-269.22				
62.0444	-269.22				
62.0922	-269.4				
62.14	-269.4				
62.1878	-269.4				
62.2356	-269.4				
62.2834	-269.58				
62.3312	-269.58				
62.379	-269.58				
62.4268	-269.58				
62.4746	-269.76				
62.5224	-269.76				
62.5702	-269.76				
62.618	-269.94				
62.6658	-269.94				
62.7136	-269.94				
62.7614	-269.94				
62.8092	-269.94				
62.857	-270.12				
62.9048	-270.12				
62.9526	-270.12				
63.0004	-270.3				
63.0482	-270.3				
63.096	-270.3				
63.1438	-270.3				
63.1916	-270.3				
63.2394	-270.48				
63.2872	-270.48				
63.335	-270.48				
63.3828	-270.66				
63.4306	-270.66				
63.4784	-270.66				
63.5262	-270.66				
63.574	-270.84				
63.6218	-270.84				
63.6696	-270.84				
63.7174	-270.84				
63.7652	-270.84				
63.813	-271.02				
63.8608	-271.02				
63.9086	-271.02				
63.9564	-271.02				
64.0042	-271.2				
64.052	-271.2				
64.0998	-271.2				
64.1476	-271.2				
64.1954	-271.2				
64.2432	-271.2				
64.291	-271.38				
64.3388	-271.38				
64.3866	-271.38				
64.4344	-271.38				
64.4822	-271.38				
64.53	-271.56				
64.5778	-271.56				
64.6256	-271.56				
64.6734	-271.56				
64.7212	-271.56				
64.769	-271.74				
64.8168	-271.74				
64.8646	-271.74				
64.9124	-271.74				
64.9602	-271.74				
65.008	-271.74				
65.0558	-271.74				
65.1036	-271.92				
65.1514	-271.92				
65.1992	-271.92				
65.247	-271.92				
65.2948	-271.92				
65.3426	-271.92				
65.3904	-272.1				
65.4382	-272.1				
65.486	-272.1				
65.5338	-272.1				
65.5816	-272.1				
65.6294	-272.1				
65.6772	-272.28				
65.725	-272.28				
65.7728	-272.28				
65.8206	-272.28				
65.8684	-272.28				
65.9162	-272.28				
65.964	-272.46				
66.0118	-272.46				
66.0596	-272.46				
66.1074	-272.46				
66.1552	-272.46				
66.203	-272.64				
66.2508	-272.64				
66.2986	-272.64				
66.3464	-272.64				
66.3942	-272.64				
66.442	-272.64				
66.4898	-272.64				
66.5376	-272.82				
66.5854	-272.82				
66.6332	-272.82				
66.681	-272.82				
66.7288	-272.82				
66.7766	-272.82				
66.8244	-272.82				
66.8722	-273				
66.92	-273				
66.9678	-273				
67.0156	-273				
67.0634	-273				
67.1112	-273				
67.159	-273				
67.2068	-273				
67.2546	-273.18				
67.3024	-273.18				
67.3502	-273.18				
67.398	-273.18				
67.4458	-273.18				
67.4936	-273.18				
67.5414	-273.36				
67.5892	-273.36				
67.637	-273.36				
67.6848	-273.36				
67.7326	-273.36				
67.7804	-273.36				
67.8282	-273.36				
67.876	-273.54				
67.9238	-273.54				
67.9716	-273.54				
68.0194	-273.54				
68.0672	-273.54				
68.115	-273.54				
68.1628	-273.54				
68.2106	-273.72				
68.2584	-273.72				
68.3062	-273.72				
68.354	-273.72				
68.4018	-273.72				
68.4496	-273.72				
68.4974	-273.72				
68.5452	-273.72				
68.593	-273.9				
68.6408	-273.9				
68.6886	-273.9				
68.7364	-273.9				
68.7842	-273.9				
68.832	-273.9				
68.8798	-273.9				
68.9276	-273.9				
68.9754	-273.9				
69.0232	-274.08				
69.071	-274.08				
69.1188	-274.08				
69.1666	-274.08				
69.2144	-274.08				
69.2622	-274.08				
69.31	-274.08				
69.3578	-274.08				
69.4056	-274.26				
69.4534	-274.26				
69.5012	-274.26				
69.549	-274.26				
69.5968	-274.26				
69.6446	-274.26				
69.6924	-274.26				
69.7402	-274.26				
69.788	-274.26				
69.8358	-274.44				
69.8836	-274.44				
69.9314	-274.44				
69.9792	-274.44				
70.027	-274.44				
70.0748	-274.44				
70.1226	-274.44				
70.1704	-274.44				
70.2182	-274.44				
70.266	-274.44				
70.3138	-274.62				
70.3616	-274.62				
70.4094	-274.62				
70.4572	-274.62				
70.505	-274.62				
70.5528	-274.62				
70.6006	-274.62				
70.6484	-274.62				
70.6962	-274.62				
70.744	-274.8				
70.7918	-274.8				
70.8396	-274.8				
70.8874	-274.8				
70.9352	-274.8				
70.983	-274.8				
71.0308	-274.8				
71.0786	-274.8				
71.1264	-274.8				
71.1742	-274.8				
71.222	-274.8				
71.2698	-274.98				
71.3176	-274.98				
71.3654	-274.98				
71.4132	-274.98				
71.461	-274.98				
71.5088	-274.98				
71.5566	-274.98				
71.6044	-274.98				
71.6522	-274.98				
71.7	-274.98				
71.7478	-274.98				
71.7956	-275.16				
71.8434	-275.16				
71.8912	-275.16				
71.939	-275.16				
71.9868	-275.16				
72.0346	-275.16				
72.0824	-275.16				
72.1302	-275.16				
72.178	-275.16				
72.2258	-275.34				
72.2736	-275.34				
72.3214	-275.34				
72.3692	-275.34				
72.417	-275.34				
72.4648	-275.34				
72.5126	-275.34				
72.5604	-275.34				
72.6082	-275.34				
72.656	-275.34				
72.7038	-275.34				
72.7516	-275.34				
72.7994	-275.52				
72.8472	-275.52				
72.895	-275.52				
72.9428	-275.52				
72.9906	-275.52				
73.0384	-275.52				
73.0862	-275.52				
73.134	-275.52				
73.1818	-275.52				
73.2296	-275.52				
73.2774	-275.52				
73.3252	-275.7				
73.373	-275.7				
73.4208	-275.7				
73.4686	-275.7				
73.5164	-275.7				
73.5642	-275.7				
73.612	-275.7				
73.6598	-275.7				
73.7076	-275.7				
73.7554	-275.7				
73.8032	-275.7				
73.851	-275.7				
73.8988	-275.7				
73.9466	-275.88				
73.9944	-275.88				
74.0422	-275.88				
74.09	-275.88				
74.1378	-275.88				
74.1856	-275.88				
74.2334	-275.88				
74.2812	-275.88				
74.329	-275.88				
74.3768	-275.88				
74.4246	-275.88				
74.4724	-276.06				
74.5202	-276.06				
74.568	-276.06				
74.6158	-276.06				
74.6636	-276.06				
74.7114	-276.06				
74.7592	-276.06				
74.807	-276.06				
74.8548	-276.06				
74.9026	-276.06				
74.9504	-276.06				
74.9982	-276.06				
75.046	-276.24				
75.0938	-276.24				
75.1416	-276.24				
75.1894	-276.24				
75.2372	-276.24				
75.285	-276.24				
75.3328	-276.24				
75.3806	-276.24				
75.4284	-276.24				
75.4762	-276.24				
75.524	-276.24				
75.5718	-276.24				
75.6196	-276.24				
75.6674	-276.24				
75.7152	-276.24				
75.763	-276.24				
75.8108	-276.42				
75.8586	-276.42				
75.9064	-276.42				
75.9542	-276.42				
76.002	-276.42				
76.0498	-276.42				
76.0976	-276.42				
76.1454	-276.42				
76.1932	-276.42				
76.241	-276.42				
76.2888	-276.42				
76.3366	-276.42				
76.3844	-276.42				
76.4322	-276.42				
76.48	-276.42				
76.5278	-276.6				
76.5756	-276.6				
76.6234	-276.6				
76.6712	-276.6				
76.719	-276.6				
76.7668	-276.6				
76.8146	-276.6				
76.8624	-276.6				
76.9102	-276.6				
76.958	-276.6				
77.0058	-276.6				
77.0536	-276.6				
77.1014	-276.6				
77.1492	-276.6				
77.197	-276.6				
77.2448	-276.6				
77.2926	-276.6				
77.3404	-276.6				
77.3882	-276.6				
77.436	-276.6				
77.4838	-276.78				
77.5316	-276.78				
77.5794	-276.78				
77.6272	-276.78				
77.675	-276.78				
77.7228	-276.78				
77.7706	-276.78				
77.8184	-276.78				
77.8662	-276.78				
77.914	-276.78				
77.9618	-276.78				
78.0096	-276.78				
78.0574	-276.78				
78.1052	-276.78				
78.153	-276.78				
78.2008	-276.78				
78.2486	-276.78				
78.2964	-276.96				
78.3442	-276.96				
78.392	-276.96				
78.4398	-276.96				
78.4876	-276.96				
78.5354	-276.96				
78.5832	-276.96				
78.631	-276.96				
78.6788	-276.96				
78.7266	-276.96				
78.7744	-276.96				
78.8222	-276.96				
78.87	-276.96				
78.9178	-276.96				
78.9656	-276.96				
79.0134	-276.96				
79.0612	-276.96				
79.109	-276.96				
79.1568	-277.14				
79.2046	-277.14				
79.2524	-277.14				
79.3002	-277.14				
79.348	-277.14				
79.3958	-277.14				
79.4436	-277.14				
79.4914	-277.14				
79.5392	-277.14				
79.587	-277.14				
79.6348	-277.14				
79.6826	-277.14				
79.7304	-277.14				
79.7782	-277.14				
79.826	-277.14				
79.8738	-277.14				
79.9216	-277.14				
79.9694	-277.14				
80.0172	-277.14				
80.065	-277.14				
80.1128	-277.14				
80.1606	-277.14				
80.2084	-277.32				
80.2562	-277.32				
80.304	-277.32				
80.3518	-277.32				
80.3996	-277.32				
80.4474	-277.32				
80.4952	-277.32				
80.543	-277.32				
80.5908	-277.32				
80.6386	-277.32				
80.6864	-277.32				
80.7342	-277.32				
80.782	-277.32				
80.8298	-277.32				
80.8776	-277.32				
80.9254	-277.32				
80.9732	-277.32				
81.021	-277.32				
81.0688	-277.32				
81.1166	-277.5				
81.1644	-277.5				
81.2122	-277.5				
81.26	-277.5				
81.3078	-277.5				
81.3556	-277.5				
81.4034	-277.5				
81.4512	-277.5				
81.499	-277.5				
81.5468	-277.5				
81.5946	-277.5				
81.6424	-277.5				
81.6902	-277.5				
81.738	-277.5				
81.7858	-277.5				
81.8336	-277.5				
81.8814	-277.5				
81.9292	-277.5				
81.977	-277.68				
82.0248	-277.68				
82.0726	-277.68				
82.1204	-277.68				
82.1682	-277.68				
82.216	-277.68				
82.2638	-277.68				
82.3116	-277.68				
82.3594	-277.68				
82.4072	-277.68				
82.455	-277.68				
82.5028	-277.68				
82.5506	-277.68				
82.5984	-277.68				
82.6462	-277.68				
82.694	-277.86				
82.7418	-277.86				
82.7896	-277.86				
82.8374	-277.86				
82.8852	-277.86				
82.933	-277.86				
82.9808	-277.86				
83.0286	-277.86				
83.0764	-277.86				
83.1242	-277.86				
83.172	-277.86				
83.2198	-277.86				
83.2676	-277.86				
83.3154	-277.86				
83.3632	-277.86				
83.411	-277.86				
83.4588	-277.86				
83.5066	-277.86				
83.5544	-277.86				
83.6022	-277.86				
83.65	-277.86				
83.6978	-277.86				
83.7456	-277.86				
83.7934	-277.86				
83.8412	-278.04				
83.889	-278.04				
83.9368	-278.04				
83.9846	-278.04				
84.0324	-278.04				
84.0802	-278.04				
84.128	-278.04				
84.1758	-278.04				
84.2236	-278.04				
84.2714	-278.04				
84.3192	-278.04				
84.367	-278.04				
84.4148	-278.04				
84.4626	-278.04				
84.5104	-278.04				
84.5582	-278.04				
84.606	-278.04				
84.6538	-278.04				
84.7016	-278.04				
84.7494	-278.04				
84.7972	-278.04				
84.845	-278.04				
84.8928	-278.04				
84.9406	-278.04				
84.9884	-278.04				
85.0362	-278.22				
85.084	-278.22				
85.1318	-278.22				
85.1796	-278.22				
85.2274	-278.22				
85.2752	-278.22				
85.323	-278.22				
85.3708	-278.22				
85.4186	-278.22				
85.4664	-278.22				
85.5142	-278.22				
85.562	-278.22				
85.6098	-278.22				
85.6576	-278.22				
85.7054	-278.22				
85.7532	-278.22				
85.801	-278.22				
85.8488	-278.22				
85.8966	-278.22				
85.9444	-278.22				
85.9922	-278.4				
86.04	-278.4				
86.0878	-278.4				
86.1356	-278.4				
86.1834	-278.4				
86.2312	-278.4				
86.279	-278.4				
86.3268	-278.4				
86.3746	-278.4				
86.4224	-278.4				
86.4702	-278.4				
86.518	-278.4				
86.5658	-278.4				
86.6136	-278.4				
86.6614	-278.4				
86.7092	-278.4				
86.757	-278.4				
86.8048	-278.4				
86.8526	-278.4				
86.9004	-278.4				
86.9482	-278.4				
86.996	-278.4				
87.0438	-278.4				
87.0916	-278.4				
87.1394	-278.4				
87.1872	-278.4				
87.235	-278.4				
87.2828	-278.4				
87.3306	-278.4				
87.3784	-278.4				
87.4262	-278.4				
87.474	-278.4				
87.5218	-278.58				
87.5696	-278.58				
87.6174	-278.58				
87.6652	-278.58				
87.713	-278.58				
87.7608	-278.58				
87.8086	-278.58				
87.8564	-278.58				
87.9042	-278.58				
87.952	-278.58				
87.9998	-278.58				
88.0476	-278.58				
88.0954	-278.58				
88.1432	-278.58				
88.191	-278.58				
88.2388	-278.58				
88.2866	-278.58				
88.3344	-278.58				
88.3822	-278.58				
88.43	-278.58				
88.4778	-278.58				
88.5256	-278.58				
88.5734	-278.58				
88.6212	-278.58				
88.669	-278.58				
88.7168	-278.58				
88.7646	-278.58				
88.8124	-278.58				
88.8602	-278.58				
88.908	-278.76				
88.9558	-278.76				
89.0036	-278.76				
89.0514	-278.76				
89.0992	-278.76				
89.147	-278.76				
89.1948	-278.76				
89.2426	-278.76				
89.2904	-278.76				
89.3382	-278.76				
89.386	-278.76				
89.4338	-278.76				
89.4816	-278.76				
89.5294	-278.76				
89.5772	-278.76				
89.625	-278.76				
89.6728	-278.76				
89.7206	-278.76				
89.7684	-278.76				
89.8162	-278.76				
89.864	-278.76				
89.9118	-278.76				
89.9596	-278.76				
90.0074	-278.76				
90.0552	-278.76				
90.103	-278.76				
90.1508	-278.76				
90.1986	-278.76				
90.2464	-278.76				
90.2942	-278.76				
90.342	-278.76				
90.3898	-278.76				
90.4376	-278.76				
90.4854	-278.76				
90.5332	-278.76				
90.581	-278.76				
90.6288	-278.76				
90.6766	-278.76				
90.7244	-278.76				
90.7722	-278.76				
90.82	-278.76				
90.8678	-278.76				
90.9156	-278.94				
90.9634	-278.94				
91.0112	-278.94				
91.059	-278.94				
91.1068	-278.94				
91.1546	-278.94				
91.2024	-278.94				
91.2502	-278.94				
91.298	-278.94				
91.3458	-278.94				
91.3936	-278.94				
91.4414	-278.94				
91.4892	-278.94				
91.537	-278.94				
91.5848	-278.94				
91.6326	-278.94				
91.6804	-278.94				
91.7282	-278.94				
91.776	-278.94				
91.8238	-278.94				
91.8716	-278.94				
91.9194	-278.94				
91.9672	-278.94				
92.015	-279.12				
92.0628	-279.12				
92.1106	-279.12				
92.1584	-279.12				
92.2062	-279.12				
92.254	-279.12				
92.3018	-279.12				
92.3496	-279.12				
92.3974	-279.12				
92.4452	-279.12				
92.493	-279.12				
92.5408	-279.12				
92.5886	-279.12				
92.6364	-279.12				
92.6842	-279.12				
92.732	-279.12				
92.7798	-279.12				
92.8276	-279.12				
92.8754	-279.12				
92.9232	-279.12				
92.971	-279.12				
93.0188	-279.12				
93.0666	-279.12				
93.1144	-279.12				
93.1622	-279.12				
93.21	-279.12				
93.2578	-279.12				
93.3056	-279.3				
93.3534	-279.3				
93.4012	-279.3				
93.449	-279.3				
93.4968	-279.3				
93.5446	-279.3				
93.5924	-279.3				
93.6402	-279.3				
93.688	-279.3				
93.7358	-279.3				
93.7836	-279.3				
93.8314	-279.3				
93.8792	-279.3				
93.927	-279.3				
93.9748	-279.3				
94.0226	-279.3				
94.0704	-279.3				
94.1182	-279.3				
94.166	-279.3				
94.2138	-279.3				
94.2616	-279.3				
94.3094	-279.3				
94.3572	-279.3				
94.405	-279.3				
94.4528	-279.3				
94.5006	-279.3				
94.5484	-279.3				
94.5962	-279.3				
94.644	-279.3				
94.6918	-279.3				
94.7396	-279.3				
94.7874	-279.3				
94.8352	-279.3				
94.883	-279.3				
94.9308	-279.3				
94.9786	-279.3				
95.0264	-279.3				
95.0742	-279.3				
95.122	-279.3				
95.1698	-279.48				
95.2176	-279.48				
95.2654	-279.48				
95.3132	-279.48				
95.361	-279.48				
95.4088	-279.48				
95.4566	-279.48				
95.5044	-279.48				
95.5522	-279.48				
95.6	-279.48				
95.6478	-279.48				
95.6956	-279.48				
95.7434	-279.48				
95.7912	-279.48				
95.839	-279.48				
95.8868	-279.48				
95.9346	-279.48				
95.9824	-279.48				
96.0302	-279.48				
96.078	-279.48				
96.1258	-279.48				
96.1736	-279.48				
96.2214	-279.48				
96.2692	-279.48				
96.317	-279.48				
96.3648	-279.48				
96.4126	-279.48				
96.4604	-279.48				
96.5082	-279.66				
96.556	-279.66				
96.6038	-279.66				
96.6516	-279.66				
96.6994	-279.66				
96.7472	-279.66				
96.795	-279.66				
96.8428	-279.66				
96.8906	-279.66				
96.9384	-279.66				
96.9862	-279.66				
97.034	-279.66				
97.0818	-279.66				
97.1296	-279.66				
97.1774	-279.66				
97.2252	-279.66				
97.273	-279.66				
97.3208	-279.66				
97.3686	-279.66				
97.4164	-279.66				
97.4642	-279.66				
97.512	-279.66				
97.5598	-279.66				
97.6076	-279.66				
97.6554	-279.66				
97.7032	-279.66				
97.751	-279.66				
97.7988	-279.66				
97.8466	-279.66				
97.8944	-279.66				
97.9422	-279.66				
97.99	-279.66				
98.0378	-279.66				
98.0856	-279.66				
98.1334	-279.66				
98.1812	-279.66				
98.229	-279.66				
98.2768	-279.66				
98.3246	-279.66				
98.3724	-279.66				
98.4202	-279.66				
98.468	-279.66				
98.5158	-279.66				
98.5636	-279.66				
98.6114	-279.66				
98.6592	-279.66				
98.707	-279.66				
98.7548	-279.66				
98.8026	-279.66				
98.8504	-279.66				
98.8982	-279.66				
98.946	-279.66				
98.9938	-279.66				
99.0416	-279.66				
99.0894	-279.66				
99.1372	-279.66				
99.185	-279.66				
99.2328	-279.66				
99.2806	-279.66				
99.3284	-279.66				
99.3762	-279.66				
99.424	-279.66				
99.4718	-279.66				
99.5196	-279.66				
99.5674	-279.66				
99.6152	-279.66				
99.663	-279.66				
99.7108	-279.66				
99.7586	-279.66				
99.8064	-279.66				
99.8542	-279.66				
99.902	-279.66				
99.9498	-279.66				
99.9976	-279.66				
100.0454	-279.66				
100.0932	-279.66				
100.141	-279.66				
100.1888	-279.66				
100.2366	-279.66				
100.2844	-279.66				
100.3322	-279.66				
100.38	-279.66				
100.4278	-279.66				
100.4756	-279.66				
100.5234	-279.66				
100.5712	-279.66				
100.619	-279.66				
100.6668	-279.66				
100.7146	-279.84				
100.7624	-279.84				
100.8102	-279.84				
100.858	-279.84				
100.9058	-279.84				
100.9536	-279.84				
101.0014	-279.84				
101.0492	-279.84				
101.097	-279.84				
101.1448	-279.84				
101.1926	-279.84				
101.2404	-279.84				
101.2882	-279.84				
101.336	-279.84				
101.3838	-279.84				
101.4316	-279.84				
101.4794	-280.02				
101.5272	-280.02				
101.575	-280.02				
101.6228	-280.02				
101.6706	-280.02				
101.7184	-280.02				
101.7662	-280.02				
101.814	-280.02				
101.8618	-280.2				
101.9096	-280.2				
101.9574	-280.2				
102.0052	-280.2				
102.053	-280.2				
102.1008	-280.2				
102.1486	-280.2				
102.1964	-280.38				
102.2442	-280.38				
102.292	-280.38				
102.3398	-280.38				
102.3876	-280.38				
102.4354	-280.38				
102.4832	-280.38				
102.531	-280.38				
102.5788	-280.38				
102.6266	-280.38				
102.6744	-280.38				
102.7222	-280.38				
102.77	-280.38				
102.8178	-280.38				
102.8656	-280.38				
102.9134	-280.38				
102.9612	-280.38				
103.009	-280.38				
103.0568	-280.38				
103.1046	-280.38				
103.1524	-280.38				
103.2002	-280.2				
103.248	-280.2				
103.2958	-280.2				
103.3436	-280.2				
103.3914	-280.38				
103.4392	-280.38				
103.487	-280.38				
103.5348	-280.38				
103.5826	-280.38				
103.6304	-280.38				
103.6782	-280.38				
103.726	-280.38				
103.7738	-280.38				
103.8216	-280.38				
103.8694	-280.38				
103.9172	-280.38				
103.965	-280.38				
104.0128	-280.38				
104.0606	-280.38				
104.1084	-280.38				
104.1562	-280.38				
104.204	-280.38				
104.2518	-280.38				
104.2996	-280.38				
104.3474	-280.38				
104.3952	-280.38				
104.443	-280.38				
104.4908	-280.38				
104.5386	-280.2				
104.5864	-280.2				
104.6342	-280.2				
104.682	-280.2				
104.7298	-280.2				
104.7776	-280.2				
104.8254	-280.2				
104.8732	-280.2				
104.921	-280.2				
104.9688	-280.2				
105.0166	-280.2				
105.0644	-280.2				
105.1122	-280.2				
105.16	-280.2				
105.2078	-280.2				
105.2556	-280.2				
105.3034	-280.2				
105.3512	-280.2				
105.399	-280.2				
105.4468	-280.2				
105.4946	-280.2				
105.5424	-280.2				
105.5902	-280.2				
105.638	-280.2				
105.6858	-280.2				
105.7336	-280.2				
105.7814	-280.2				
105.8292	-280.2				
105.877	-280.2				
105.9248	-280.2				
105.9726	-280.2				
106.0204	-280.2				
106.0682	-280.2				
106.116	-280.2				
106.1638	-280.2				
106.2116	-280.2				
106.2594	-280.2				
106.3072	-280.2				
106.355	-280.2				
106.4028	-280.2				
106.4506	-280.2				
106.4984	-280.2				
106.5462	-280.2				
106.594	-280.2				
106.6418	-280.2				
106.6896	-280.2				
106.7374	-280.2				
106.7852	-280.2				
106.833	-280.2				
106.8808	-280.2				
106.9286	-280.2				
106.9764	-280.2				
107.0242	-280.2				
107.072	-280.2				
107.1198	-280.2				
107.1676	-280.2				
107.2154	-280.2				
107.2632	-280.2				
107.311	-280.2				
107.3588	-280.2				
107.4066	-280.2				
107.4544	-280.2				
107.5022	-280.2				
107.55	-280.2				
107.5978	-280.2				
107.6456	-280.2				
107.6934	-280.2				
107.7412	-280.2				
107.789	-280.2				
107.8368	-280.2				
107.8846	-280.2				
107.9324	-280.2				
107.9802	-280.2				
108.028	-280.2				
108.0758	-280.2				
108.1236	-280.2				
108.1714	-280.2				
108.2192	-280.2				
108.267	-280.2				
108.3148	-280.2				
108.3626	-280.2				
108.4104	-280.2				
108.4582	-280.2				
108.506	-280.2				
108.5538	-280.2				
108.6016	-280.2				
108.6494	-280.2				
108.6972	-280.2				
108.745	-280.2				
108.7928	-280.2				
108.8406	-280.2				
108.8884	-280.2				
108.9362	-280.2				
108.984	-280.2				
109.0318	-280.2				
109.0796	-280.2				
109.1274	-280.2				
109.1752	-280.2				
109.223	-280.2				
109.2708	-280.2				
109.3186	-280.2				
109.3664	-280.2				
109.4142	-280.2				
109.462	-280.2				
109.5098	-280.2				
109.5576	-280.2				
109.6054	-280.2				
109.6532	-280.2				
109.701	-280.2				
109.7488	-280.2				
109.7966	-280.2				
109.8444	-280.2				
109.8922	-280.2				
109.94	-280.2				
109.9878	-280.2				
110.0356	-280.2				
110.0834	-280.2				
110.1312	-280.2				
110.179	-280.2				
110.2268	-280.2				
110.2746	-280.2				
110.3224	-280.2				
110.3702	-280.2				
110.418	-280.2				
110.4658	-280.2				
110.5136	-280.2				
110.5614	-280.2				
110.6092	-280.2				
110.657	-280.2				
110.7048	-280.38				
110.7526	-280.38				
110.8004	-280.38				
110.8482	-280.38				
110.896	-280.38				
110.9438	-280.38				
110.9916	-280.38				
111.0394	-280.38				
111.0872	-280.38				
111.135	-280.38				
111.1828	-280.38				
111.2306	-280.38				
111.2784	-280.38				
111.3262	-280.38				
111.374	-280.38				
111.4218	-280.38				
111.4696	-280.38				
111.5174	-280.38				
111.5652	-280.38				
111.613	-280.38				
111.6608	-280.38				
111.7086	-280.38				
111.7564	-280.38				
111.8042	-280.38				
111.852	-280.38				
111.8998	-280.38				
111.9476	-280.38				
111.9954	-280.38				
112.0432	-280.38				
112.091	-280.38				
112.1388	-280.38				
112.1866	-280.38				
112.2344	-280.38				
112.2822	-280.38				
112.33	-280.38				
112.3778	-280.38				
112.4256	-280.38				
112.4734	-280.38				
112.5212	-280.38				
112.569	-280.38				
112.6168	-280.38				
112.6646	-280.38				
112.7124	-280.38				
112.7602	-280.38				
112.808	-280.38				
112.8558	-280.38				
112.9036	-280.38				
112.9514	-280.38				
112.9992	-280.38				
113.047	-280.38				
113.0948	-280.38				
113.1426	-280.38				
113.1904	-280.38				
113.2382	-280.38				
113.286	-280.38				
113.3338	-280.38				
113.3816	-280.38				
113.4294	-280.38				
113.4772	-280.38				
113.525	-280.38				
113.5728	-280.38				
113.6206	-280.38				
113.6684	-280.38				
113.7162	-280.38				
113.764	-280.38				
113.8118	-280.38				
113.8596	-280.38				
113.9074	-280.38				
113.9552	-280.38				
114.003	-280.38				
114.0508	-280.38				
114.0986	-280.38				
114.1464	-280.38				
114.1942	-280.38				
114.242	-280.38				
114.2898	-280.38				
114.3376	-280.38				
114.3854	-280.38				
114.4332	-280.38				
114.481	-280.38				
114.5288	-280.38				
114.5766	-280.38				
114.6244	-280.38				
114.6722	-280.38				
114.72	-280.38				
114.7678	-280.38				
114.8156	-280.38				
114.8634	-280.38				
114.9112	-280.38				
114.959	-280.38				
115.0068	-280.38				
115.0546	-280.38				
115.1024	-280.38				
115.1502	-280.38				
115.198	-280.38				
115.2458	-280.38				
115.2936	-280.38				
115.3414	-280.38				
115.3892	-280.38				
115.437	-280.38				
115.4848	-280.56				
115.5326	-280.56				
115.5804	-280.56				
115.6282	-280.56				
115.676	-280.56				
115.7238	-280.56				
115.7716	-280.56				
115.8194	-280.56				
115.8672	-280.56				
115.915	-280.56				
115.9628	-280.56				
116.0106	-280.56				
116.0584	-280.56				
116.1062	-280.56				
116.154	-280.56				
116.2018	-280.56				
116.2496	-280.56				
116.2974	-280.56				
116.3452	-280.56				
116.393	-280.56				
116.4408	-280.56				
116.4886	-280.56				
116.5364	-280.56				
116.5842	-280.56				
116.632	-280.56				
116.6798	-280.56				
116.7276	-280.56				
116.7754	-280.56				
116.8232	-280.56				
116.871	-280.56				
116.9188	-280.56				
116.9666	-280.56				
117.0144	-280.56				
117.0622	-280.56				
117.11	-280.56				
117.1578	-280.38				
117.2056	-280.38				
117.2534	-280.38				
117.3012	-280.38				
117.349	-280.38				
117.3968	-280.38				
117.4446	-280.38				
117.4924	-280.38				
117.5402	-280.38				
117.588	-280.38				
117.6358	-280.38				
117.6836	-280.38				
117.7314	-280.38				
117.7792	-280.38				
117.827	-280.38				
117.8748	-280.38				
117.9226	-280.38				
117.9704	-280.38				
118.0182	-280.38				
118.066	-280.38				
118.1138	-280.38				
118.1616	-280.38				
118.2094	-280.38				
118.2572	-280.38				
118.305	-280.38				
118.3528	-280.38				
118.4006	-280.38				
118.4484	-280.38				
118.4962	-280.38				
118.544	-280.38				
118.5918	-280.38				
118.6396	-280.38				
118.6874	-280.38				
118.7352	-280.38				
118.783	-280.38				
118.8308	-280.38				
118.8786	-280.38				
118.9264	-280.38				
118.9742	-280.38				
119.022	-280.38				
119.0698	-280.38				
119.1176	-280.38				
119.1654	-280.38				
119.2132	-280.38				
119.261	-280.38				
119.3088	-280.38				
119.3566	-280.38				
119.4044	-280.38				
119.4522	-280.38				
119.5	-280.38				
119.5478	-280.38				
119.5956	-280.38				
119.6434	-280.38				
119.6912	-280.38				
119.739	-280.38				
119.7868	-280.38				
119.8346	-280.38				
119.8824	-280.38				
119.9302	-280.38				
119.978	-280.38				
120.0258	-280.38				
120.0736	-280.38				
120.1214	-280.38				
120.1692	-280.38				
120.217	-280.38				
120.2648	-280.38				
120.3126	-280.38				
120.3604	-280.38				
120.4082	-280.38				
120.456	-280.38				
120.5038	-280.38				
120.5516	-280.38				
120.5994	-280.38				
120.6472	-280.38				
120.695	-280.38				
120.7428	-280.38				
120.7906	-280.38				
120.8384	-280.38				
120.8862	-280.38				
120.934	-280.38				
120.9818	-280.38				
121.0296	-280.38				
121.0774	-280.38				
121.1252	-280.38				
121.173	-280.38				
121.2208	-280.38				
121.2686	-280.38				
121.3164	-280.38				
121.3642	-280.38				
121.412	-280.38				
121.4598	-280.38				
121.5076	-280.38				
121.5554	-280.38				
121.6032	-280.38				
121.651	-280.38				
121.6988	-280.38				
121.7466	-280.38				
121.7944	-280.38				
121.8422	-280.38				
121.89	-280.38				
121.9378	-280.38				
121.9856	-280.38				
122.0334	-280.38				
122.0812	-280.38				
122.129	-280.38				
122.1768	-280.38				
122.2246	-280.38				
122.2724	-280.38				
122.3202	-280.38				
122.368	-280.38				
122.4158	-280.38				
122.4636	-280.38				
122.5114	-280.38				
122.5592	-280.38				
122.607	-280.38				
122.6548	-280.38				
122.7026	-280.38				
122.7504	-280.38				
122.7982	-280.38				
122.846	-280.38				
122.8938	-280.38				
122.9416	-280.38				
122.9894	-280.38				
123.0372	-280.38				
123.085	-280.38				
123.1328	-280.38				
123.1806	-280.38				
123.2284	-280.38				
123.2762	-280.38				
123.324	-280.38				
123.3718	-280.38				
123.4196	-280.38				
123.4674	-280.38				
123.5152	-280.38				
123.563	-280.38				
123.6108	-280.38				
123.6586	-280.38				
123.7064	-280.38				
123.7542	-280.38				
123.802	-280.38				
123.8498	-280.38				
123.8976	-280.38				
123.9454	-280.38				
123.9932	-280.38				
124.041	-280.38				
124.0888	-280.38				
124.1366	-280.38				
124.1844	-280.38				
124.2322	-280.38				
124.28	-280.38				
124.3278	-280.38				
124.3756	-280.38				
124.4234	-280.38				
124.4712	-280.38				
124.519	-280.38				
124.5668	-280.38				
124.6146	-280.38				
124.6624	-280.38				
124.7102	-280.38				
124.758	-280.38				
124.8058	-280.38				
124.8536	-280.38				
124.9014	-280.38				
124.9492	-280.38				
124.997	-280.38				
125.0448	-280.38				
125.0926	-280.38				
125.1404	-280.38				
125.1882	-280.38				
125.236	-280.38				
125.2838	-280.38				
125.3316	-280.38				
125.3794	-280.38				
125.4272	-280.38				
125.475	-280.38				
125.5228	-280.38				
125.5706	-280.38				
125.6184	-280.38				
125.6662	-280.38				
125.714	-280.38				
125.7618	-280.38				
125.8096	-280.38				
125.8574	-280.38				
125.9052	-280.38				
125.953	-280.38				
126.0008	-280.38				
126.0486	-280.38				
126.0964	-280.38				
126.1442	-280.38				
126.192	-280.38				
126.2398	-280.38				
126.2876	-280.38				
126.3354	-280.38				
126.3832	-280.38				
126.431	-280.38				
126.4788	-280.38				
126.5266	-280.38				
126.5744	-280.38				
126.6222	-280.38				
126.67	-280.38				
126.7178	-280.38				
126.7656	-280.38				
126.8134	-280.38				
126.8612	-280.38				
126.909	-280.38				
126.9568	-280.38				
127.0046	-280.38				
127.0524	-280.38				
127.1002	-280.38				
127.148	-280.38				
127.1958	-280.38				
127.2436	-280.38				
127.2914	-280.38				
127.3392	-280.38				
127.387	-280.38				
127.4348	-280.38				
127.4826	-280.38				
127.5304	-280.38				
127.5782	-280.38				
127.626	-280.38				
127.6738	-280.38				
127.7216	-280.38				
127.7694	-280.38				
127.8172	-280.38				
127.865	-280.38				
127.9128	-280.38				
127.9606	-280.38				
128.0084	-280.38				
128.0562	-280.38				
128.104	-280.38				
128.1518	-280.38				
128.1996	-280.38				
128.2474	-280.2				
128.2952	-280.2				
128.343	-280.2				
128.3908	-280.2				
128.4386	-280.2				
128.4864	-280.2				
128.5342	-280.2				
128.582	-280.2				
128.6298	-280.2				
128.6776	-280.2				
128.7254	-280.2				
128.7732	-280.2				
128.821	-280.2				
128.8688	-280.2				
128.9166	-280.2				
128.9644	-280.2				
129.0122	-280.2				
129.06	-280.2				
129.1078	-280.2				
129.1556	-280.2				
129.2034	-280.2				
129.2512	-280.2				
129.299	-280.2				
129.3468	-280.2				
129.3946	-280.2				
129.4424	-280.2				
129.4902	-280.2				
129.538	-280.2				
129.5858	-280.2				
129.6336	-280.2				
129.6814	-280.2				
129.7292	-280.2				
129.777	-280.2				
129.8248	-280.2				
129.8726	-280.2				
129.9204	-280.2				
129.9682	-280.2				
130.016	-280.2				
130.0638	-280.2				
130.1116	-280.2				
130.1594	-280.2				
130.2072	-280.2				
130.255	-280.2				
130.3028	-280.2				
130.3506	-280.2				
130.3984	-280.2				
130.4462	-280.2				
130.494	-280.2				
130.5418	-280.2				
130.5896	-280.2				
130.6374	-280.2				
130.6852	-280.2				
130.733	-280.2				
130.7808	-280.2				
130.8286	-280.2				
130.8764	-280.2				
130.9242	-280.2				
130.972	-280.2				
131.0198	-280.2				
131.0676	-280.2				
131.1154	-280.2				
131.1632	-280.2				
131.211	-280.2				
131.2588	-280.2				
131.3066	-280.2				
131.3544	-280.2				
131.4022	-280.2				
131.45	-280.2				
131.4978	-280.2				
131.5456	-280.2				
131.5934	-280.2				
131.6412	-280.2				
131.689	-280.2				
131.7368	-280.2				
131.7846	-280.2				
131.8324	-280.2				
131.8802	-280.2				
131.928	-280.2				
131.9758	-280.2				
132.0236	-280.2				
132.0714	-280.2				
132.1192	-280.2				
132.167	-280.2				
132.2148	-280.2				
132.2626	-280.2				
132.3104	-280.2				
132.3582	-280.2				
132.406	-280.2				
132.4538	-280.2				
132.5016	-280.2				
132.5494	-280.2				
132.5972	-280.2				
132.645	-280.2				
132.6928	-280.2				
132.7406	-280.2				
132.7884	-280.2				
132.8362	-280.2				
132.884	-280.2				
132.9318	-280.2				
132.9796	-280.2				
133.0274	-280.2				
133.0752	-280.2				
133.123	-280.2				
133.1708	-280.2				
133.2186	-280.2				
133.2664	-280.2				
133.3142	-280.2				
133.362	-280.2				
133.4098	-280.2				
133.4576	-280.2				
133.5054	-280.2				
133.5532	-280.2				
133.601	-280.2				
133.6488	-280.2				
133.6966	-280.2				
133.7444	-280.2				
133.7922	-280.2				
133.84	-280.2				
133.8878	-280.2				
133.9356	-280.2				
133.9834	-280.2				
134.0312	-280.2				
134.079	-280.2				
134.1268	-280.2				
134.1746	-280.2				
134.2224	-280.2				
134.2702	-280.2				
134.318	-280.2				
134.3658	-280.2				
134.4136	-280.2				
134.4614	-280.2				
134.5092	-280.2				
134.557	-280.2				
134.6048	-280.2				
134.6526	-280.2				
134.7004	-280.2				
134.7482	-280.2				
134.796	-280.2				
134.8438	-280.2				
134.8916	-280.2				
134.9394	-280.2				
134.9872	-280.2				
135.035	-280.2				
135.0828	-280.2				
135.1306	-280.2				
135.1784	-280.2				
135.2262	-280.2				
135.274	-280.2				
135.3218	-280.2				
135.3696	-280.2				
135.4174	-280.2				
135.4652	-280.2				
135.513	-280.2				
135.5608	-280.2				
135.6086	-280.2				
135.6564	-280.2				
135.7042	-280.2				
135.752	-280.2				
135.7998	-280.2				
135.8476	-280.2				
135.8954	-280.2				
135.9432	-280.2				
135.991	-280.2				
136.0388	-280.2				
136.0866	-280.2				
136.1344	-280.2				
136.1822	-280.2				
136.23	-280.2				
136.2778	-280.2				
136.3256	-280.2				
136.3734	-280.2				
136.4212	-280.2				
136.469	-280.2				
136.5168	-280.2				
136.5646	-280.2				
136.6124	-280.2				
136.6602	-280.2				
136.708	-280.2				
136.7558	-280.2				
136.8036	-280.2				
136.8514	-280.2				
136.8992	-280.2				
136.947	-280.2				
136.9948	-280.2				
137.0426	-280.2				
137.0904	-280.2				
137.1382	-280.2				
137.186	-280.2				
137.2338	-280.2				
137.2816	-280.2				
137.3294	-280.2				
137.3772	-280.2				
137.425	-280.2				
137.4728	-280.2				
137.5206	-280.2				
137.5684	-280.2				
137.6162	-280.2				
137.664	-280.2				
137.7118	-280.2				
137.7596	-280.2				
137.8074	-280.2				
137.8552	-280.2				
137.903	-280.2				
137.9508	-280.2				
137.9986	-280.2				
138.0464	-280.2				
138.0942	-280.2				
138.142	-280.2				
138.1898	-280.2				
138.2376	-280.2				
138.2854	-280.2				
138.3332	-280.2				
138.381	-280.2				
138.4288	-280.2				
138.4766	-280.2				
138.5244	-280.2				
138.5722	-280.2				
138.62	-280.2				
138.6678	-280.2				
138.7156	-280.2				
138.7634	-280.2				
138.8112	-280.2				
138.859	-280.2				
138.9068	-280.2				
138.9546	-280.2				
139.0024	-280.2				
139.0502	-280.2				
139.098	-280.2				
139.1458	-280.2				
139.1936	-280.2				
139.2414	-280.2				
139.2892	-280.2				
139.337	-280.2				
139.3848	-280.2				
139.4326	-280.2				
139.4804	-280.2				
139.5282	-280.2				
139.576	-280.2				
139.6238	-280.2				
139.6716	-280.2				
139.7194	-280.2				
139.7672	-280.2				
139.815	-280.2				
139.8628	-280.2				
139.9106	-280.2				
139.9584	-280.2				
140.0062	-280.2				
140.054	-280.2				
140.1018	-280.2				
140.1496	-280.2				
140.1974	-280.2				
140.2452	-280.2				
140.293	-280.2				
140.3408	-280.2				
140.3886	-280.2				
140.4364	-280.2				
140.4842	-280.2				
140.532	-280.2				
140.5798	-280.2				
140.6276	-280.2				
140.6754	-280.2				
140.7232	-280.2				
140.771	-280.2				
140.8188	-280.2				
140.8666	-280.2				
140.9144	-280.2				
140.9622	-280.2				
141.01	-280.2				
141.0578	-280.2				
141.1056	-280.2				
141.1534	-280.2				
141.2012	-280.2				
141.249	-280.2				
141.2968	-280.2				
141.3446	-280.2				
141.3924	-280.2				
141.4402	-280.2				
141.488	-280.2				
141.5358	-280.2				
141.5836	-280.2				
141.6314	-280.2				
141.6792	-280.2				
141.727	-280.2				
141.7748	-280.2				
141.8226	-280.2				
141.8704	-280.2				
141.9182	-280.2				
141.966	-280.2				
142.0138	-280.2				
142.0616	-280.2				
142.1094	-280.2				
142.1572	-280.2				
142.205	-280.2				
142.2528	-280.2				
142.3006	-280.2				
142.3484	-280.2				
142.3962	-280.2				
142.444	-280.2				
142.4918	-280.2				
142.5396	-280.2				
142.5874	-280.2				
142.6352	-280.2				
142.683	-280.2				
142.7308	-280.2				
142.7786	-280.2				
142.8264	-280.2				
142.8742	-280.2				
142.922	-280.2				
142.9698	-280.2				
143.0176	-280.2				
143.0654	-280.2				
143.1132	-280.2				
143.161	-280.2				
143.2088	-280.2				
143.2566	-280.2				
143.3044	-280.2				
143.3522	-280.2				
143.4	-280.2				
143.4478	-280.2				
143.4956	-280.2				
143.5434	-280.2				
143.5912	-280.2				
143.639	-280.2				
143.6868	-280.2				
143.7346	-280.2				
143.7824	-280.2				
143.8302	-280.2				
143.878	-280.2				
143.9258	-280.2				
143.9736	-280.2				
144.0214	-280.2				
144.0692	-280.2				
144.117	-280.2				
144.1648	-280.2				
144.2126	-280.2				
144.2604	-280.2				
144.3082	-280.2				
144.356	-280.2				
144.4038	-280.2				
144.4516	-280.2				
144.4994	-280.2				
144.5472	-280.2				
144.595	-280.2				
144.6428	-280.2				
144.6906	-280.2				
144.7384	-280.2				
144.7862	-280.2				
144.834	-280.2				
144.8818	-280.2				
144.9296	-280.2				
144.9774	-280.2				
145.0252	-280.2				
145.073	-280.2				
145.1208	-280.2				
145.1686	-280.2				
145.2164	-280.2				
145.2642	-280.2				
145.312	-280.2				
145.3598	-280.2				
145.4076	-280.2				
145.4554	-280.2				
145.5032	-280.2				
145.551	-280.2				
145.5988	-280.2				
145.6466	-280.2				
145.6944	-280.2				
145.7422	-280.38				
145.79	-280.38				
145.8378	-280.38				
145.8856	-280.38				
145.9334	-280.38				
145.9812	-280.38				
146.029	-280.38				
146.0768	-280.38				
146.1246	-280.38				
146.1724	-280.38				
146.2202	-280.38				
146.268	-280.38				
146.3158	-280.38				
146.3636	-280.38				
146.4114	-280.38				
146.4592	-280.38				
146.507	-280.38				
146.5548	-280.38				
146.6026	-280.38				
146.6504	-280.38				
146.6982	-280.38				
146.746	-280.38				
146.7938	-280.38				
146.8416	-280.2				
146.8894	-280.2				
146.9372	-280.2				
146.985	-280.2				
147.0328	-280.2				
147.0806	-280.2				
147.1284	-280.2				
147.1762	-280.2				
147.224	-280.2				
147.2718	-280.2				
147.3196	-280.2				
147.3674	-280.2				
147.4152	-280.2				
147.463	-280.2				
147.5108	-280.2				
147.5586	-280.2				
147.6064	-280.2				
147.6542	-280.2				
147.702	-280.2				
147.7498	-280.2				
147.7976	-280.2				
147.8454	-280.2				
147.8932	-280.2				
147.941	-280.2				
147.9888	-280.2				
148.0366	-280.2				
148.0844	-280.2				
148.1322	-280.2				
148.18	-280.2				
148.2278	-280.2				
148.2756	-280.2				
148.3234	-280.2				
148.3712	-280.2				
148.419	-280.2				
148.4668	-280.2				
148.5146	-280.2				
148.5624	-280.2				
148.6102	-280.2				
148.658	-280.2				
148.7058	-280.2				
148.7536	-280.2				
148.8014	-280.2				
148.8492	-280.2				
148.897	-280.2				
148.9448	-280.2				
148.9926	-280.2				
149.0404	-280.2				
149.0882	-280.2				
149.136	-280.2				
149.1838	-280.2				
149.2316	-280.2				
149.2794	-280.2				
149.3272	-280.2				
149.375	-280.2				
149.4228	-280.2				
149.4706	-280.2				
149.5184	-280.2				
149.5662	-280.2				
149.614	-280.2				
149.6618	-280.2				
149.7096	-280.2				
149.7574	-280.2				
149.8052	-280.2				
149.853	-280.2				
149.9008	-280.2				
149.9486	-280.2				
149.9964	-280.2				
150.0442	-280.2				
150.092	-280.2				
150.1398	-280.2				
150.1876	-280.2				
150.2354	-280.2				
150.2832	-280.2				
150.331	-280.2				
150.3788	-280.2				
150.4266	-280.2				
150.4744	-280.2				
150.5222	-280.2				
150.57	-280.2				
150.6178	-280.2				
150.6656	-280.2				
150.7134	-280.2				
150.7612	-280.2				
150.809	-280.2				
150.8568	-280.2				
150.9046	-280.2				
150.9524	-280.2				
151.0002	-280.2				
151.048	-280.2				
151.0958	-280.2				
151.1436	-280.2				
151.1914	-280.2				
151.2392	-280.2				
151.287	-280.2				
151.3348	-280.2				
151.3826	-280.2				
151.4304	-280.2				
151.4782	-280.2				
151.526	-280.2				
151.5738	-280.2				
151.6216	-280.2				
151.6694	-280.2				
151.7172	-280.2				
151.765	-280.2				
151.8128	-280.2				
151.8606	-280.2				
151.9084	-280.2				
151.9562	-280.2				
152.004	-280.2				
152.0518	-280.2				
152.0996	-280.2				
152.1474	-280.2				
152.1952	-280.2				
152.243	-280.2				
152.2908	-280.2				
152.3386	-280.2				
152.3864	-280.2				
152.4342	-280.2				
152.482	-280.2				
152.5298	-280.2				
152.5776	-280.2				
152.6254	-280.2				
152.6732	-280.2				
152.721	-280.2				
152.7688	-280.2				
152.8166	-280.2				
152.8644	-280.2				
152.9122	-280.2				
152.96	-280.2				
153.0078	-280.2				
153.0556	-280.2				
153.1034	-280.2				
153.1512	-280.02				
153.199	-280.02				
153.2468	-280.02				
153.2946	-280.02				
153.3424	-280.02				
153.3902	-280.02				
153.438	-280.02				
153.4858	-280.02				
153.5336	-280.02				
153.5814	-280.02				
153.6292	-280.02				
153.677	-280.02				
153.7248	-280.02				
153.7726	-280.02				
153.8204	-280.02				
153.8682	-280.02				
153.916	-280.02				
153.9638	-280.02				
154.0116	-280.02				
154.0594	-280.02				
154.1072	-280.02				
154.155	-280.02				
154.2028	-280.02				
154.2506	-280.02				
154.2984	-280.02				
154.3462	-279.84				
154.394	-279.84				
154.4418	-279.84				
154.4896	-279.84				
154.5374	-279.84				
154.5852	-279.84				
154.633	-279.84				
154.6808	-279.84				
154.7286	-279.84				
154.7764	-279.84				
154.8242	-279.84				
154.872	-279.84				
154.9198	-279.84				
154.9676	-279.84				
155.0154	-279.84				
155.0632	-279.84				
155.111	-279.84				
155.1588	-279.84				
155.2066	-279.84				
155.2544	-279.84				
155.3022	-279.84				
155.35	-279.84				
155.3978	-279.84				
155.4456	-279.84				
155.4934	-279.84				
155.5412	-279.84				
155.589	-279.84				
155.6368	-279.84				
155.6846	-279.84				
155.7324	-279.84				
155.7802	-279.84				
155.828	-279.84				
155.8758	-279.84				
155.9236	-279.84				
155.9714	-279.84				
156.0192	-279.84				
156.067	-279.84				
156.1148	-279.84				
156.1626	-279.84				
156.2104	-279.84				
156.2582	-279.84				
156.306	-279.84				
156.3538	-279.84				
156.4016	-279.84				
156.4494	-279.84				
156.4972	-279.84				
156.545	-279.84				
156.5928	-279.84				
156.6406	-279.84				
156.6884	-279.84				
156.7362	-279.84				
156.784	-279.84				
156.8318	-279.84				
156.8796	-279.84				
156.9274	-279.84				
156.9752	-279.84				
157.023	-279.84				
157.0708	-279.84				
157.1186	-279.84				
157.1664	-279.84				
157.2142	-279.84				
157.262	-279.84				
157.3098	-279.84				
157.3576	-279.84				
157.4054	-279.84				
157.4532	-279.84				
157.501	-279.84				
157.5488	-279.84				
157.5966	-279.84				
157.6444	-279.84				
157.6922	-279.84				
157.74	-280.02				
