1000 -0.048549328
990 -0.048675794
980 -0.04877858
970 -0.048825942
960 -0.04890602
950 -0.049012713
940 -0.049064226
930 -0.049135517
920 -0.049236838
910 -0.049241234
900 -0.049289085
890 -0.04928762
880 -0.04930666
870 -0.049356714
860 -0.04934304
850 -0.049342062
840 -0.049263205
830 -0.04925002
820 -0.04925222
810 -0.049138445
800 -0.049182393
790 -0.049188007
780 -0.049083516
770 -0.049013443
760 -0.048937272
750 -0.048843276
740 -0.048757337
730 -0.048705824
720 -0.04865919
710 -0.048659436
700 -0.048591807
690 -0.048517343
680 -0.048555676
670 -0.048751965
660 -0.04878053
650 -0.048702404
640 -0.048811536
630 -0.04910866
620 -0.049189962
610 -0.049095232
600 -0.049217306
590 -0.0493323
580 -0.049499538
570 -0.049685575
560 -0.04991971
550 -0.05006107
540 -0.05021488
530 -0.05039237
520 -0.050628703
510 -0.05089995
500 -0.051058155
490 -0.051343314
480 -0.051611874
470 -0.05185211
460 -0.052153874
450 -0.052446358
440 -0.052690014
430 -0.053011797
420 -0.05340365
410 -0.05368466
400 -0.054045506
390 -0.054488625
380 -0.05491539
370 -0.055192985
360 -0.055616084
350 -0.055885132
340 -0.056118045
330 -0.056243293
320 -0.056410532
310 -0.05665321
300 -0.057001848
290 -0.057317037
280 -0.05736953
270 -0.05750918
260 -0.057514064
250 -0.05767642
240 -0.057620022
230 -0.057940338
220 -0.057675686
210 -0.057704985
200 -0.057508204
190 -0.057419825
180 -0.057623196
170 -0.05778848
160 -0.057762604
150 -0.0577543
140 -0.057677884
130 -0.05729995
120 -0.0569037
110 -0.056495983
100 -0.05595398
90 -0.055539668
80 -0.055140004
70 -0.054553326
60 -0.054097753
50 -0.053610194
40 -0.053118978
30 -0.05212873
20 -0.051503718
10 -0.050582316
0 -0.04988797
