1000 -0.012995316
990 -0.013258016
980 -0.012883009
970 -0.012495308
960 -0.012303411
950 -0.012065371
940 -0.011779233
930 -0.012068544
920 -0.0120734265
910 -0.011687923
900 -0.011316824
890 -0.011662532
880 -0.011560724
870 -0.0115348445
860 -0.011673518
850 -0.011616144
840 -0.01197113
830 -0.011971863
820 -0.011653011
810 -0.011389823
800 -0.011175952
790 -0.011012375
780 -0.010938888
770 -0.010721356
760 -0.009996491
750 -0.0094630355
740 -0.009035539
730 -0.008456184
720 -0.0077230185
710 -0.007277455
700 -0.007086534
690 -0.0066189975
680 -0.006321386
670 -0.0061585414
660 -0.0056787976
650 -0.005059892
640 -0.0052066226
630 -0.005151446
620 -0.004420722
610 -0.0042590983
600 -0.0031296865
590 -0.0025464257
580 -0.002154574
570 -0.001430686
560 -0.0008762341
550 -4.6387427e-06
540 0.00037817963
530 -0.0010529946
520 -0.00094923325
510 -0.0019402152
500 -0.0021389488
490 -0.0022097507
480 -0.001484886
470 -0.0017937286
460 -0.0017810331
450 -0.001782498
440 -0.0012309758
430 -0.00061622035
420 -0.00042481118
410 0.00046021212
400 0.00063697266
390 0.001273457
380 0.002019562
370 0.0025019913
360 0.0022908065
350 0.0026033113
340 0.0031853514
330 0.0035051806
320 0.0034834517
310 0.003958801
300 0.004708324
290 0.0057320213
280 0.006590677
270 0.006909285
260 0.006919051
250 0.0072003054
240 0.008309698
230 0.008982315
220 0.009143206
210 0.0067798886
200 0.006542336
190 0.0076524606
180 0.008760144
170 0.00984854
160 0.010562906
150 0.011465752
140 0.011651546
130 0.012516305
120 0.013244832
110 0.014932113
100 0.01595923
90 0.017319601
80 0.018142367
70 0.018785443
60 0.019912902
50 0.020569894
40 0.020660473
30 0.021919768
20 0.023023546
10 0.024175175
0 0.024248173
