1000 -0.003973205
990 -0.003956848
980 -0.0042681317
970 -0.0046448465
960 -0.0051253224
950 -0.005035233
940 -0.0047971928
930 -0.004360907
920 -0.004425361
910 -0.004004944
900 -0.0037529871
890 -0.0033005876
880 -0.0029807584
870 -0.002732708
860 -0.002509804
850 -0.0023315786
840 -0.0020200505
830 -0.002044465
820 -0.0019331351
810 -0.0018825971
800 -0.0020288397
790 -0.001611841
780 -0.0017282979
770 -0.0014970932
760 -0.0011125659
750 -0.0005149004
740 0.00031470208
730 0.00089478906
720 0.0009297017
710 0.0011303884
700 0.0014653545
690 0.0020864578
680 0.0023635617
670 0.0026470132
660 0.002728069
650 0.0029971162
640 0.002805707
630 0.002660441
620 0.0030820784
610 0.0039968872
600 0.0040879534
590 0.0044964068
580 0.004544259
570 0.005576013
560 0.0063018543
550 0.0062159155
540 0.0067825746
530 0.007189075
520 0.0074796067
510 0.00781384
500 0.007581659
490 0.008130251
480 0.008717175
470 0.008852675
460 0.009855376
450 0.010025056
440 0.010337316
430 0.010632975
420 0.012148135
410 0.012626169
400 0.012563669
390 0.012679393
380 0.013442833
370 0.014147189
360 0.015475823
350 0.01610181
340 0.016921157
330 0.017853301
320 0.018608928
310 0.019315725
300 0.019766172
290 0.020859694
280 0.021532556
270 0.022563577
260 0.023558954
250 0.024345098
240 0.024881484
230 0.02546328
220 0.026012117
210 0.026301183
200 0.026956955
190 0.02750872
180 0.028439155
170 0.029223347
160 0.030353492
150 0.03179712
140 0.033554222
130 0.034055695
120 0.035896543
110 0.036728345
100 0.03746151
90 0.03853721
80 0.04156997
70 0.041995272
60 0.04306389
50 0.044536326
40 0.0453984
30 0.04654954
20 0.04694774
10 0.048213627
0 0.0497803
