1000 -0.005690761
990 -0.0059353937
980 -0.0057796296
970 -0.0061683073
960 -0.006080171
950 -0.0059556575
940 -0.005645838
930 -0.005385092
920 -0.0050645308
910 -0.004691234
900 -0.0046240943
890 -0.004510567
880 -0.004245182
870 -0.0040442515
860 -0.004069154
850 -0.0040664687
840 -0.0040274053
830 -0.0039839474
820 -0.004016419
810 -0.0042962083
800 -0.004131899
790 -0.0037041581
780 -0.0037639735
770 -0.0034575723
760 -0.0030344701
750 -0.002611124
740 -0.0023025256
730 -0.0017326925
720 -0.0015700924
710 -0.00090186927
700 0.00039160755
690 0.00074171054
680 0.001368185
670 0.0020168766
660 0.0023555048
650 0.002445594
640 0.002944381
630 0.0033035174
620 0.003174365
610 0.003563287
600 0.003661677
590 0.0038687114
580 0.0039055774
570 0.004251286
560 0.004082338
550 0.0041878084
540 0.004716625
530 0.0052356757
520 0.005722744
510 0.00644419
500 0.0066526895
490 0.007385611
480 0.007961303
470 0.008773328
460 0.009408347
450 0.009694972
440 0.010308263
430 0.010635172
420 0.01033341
410 0.0102687115
400 0.011253346
390 0.011813901
380 0.012487251
370 0.012812207
360 0.013492882
350 0.014299779
340 0.014441871
330 0.014519753
320 0.014732892
310 0.015636226
300 0.016659923
290 0.017176777
280 0.016726086
270 0.016937515
260 0.01804764
250 0.019005174
240 0.019923644
230 0.02063435
220 0.021675136
210 0.022222508
200 0.023018662
190 0.023875365
180 0.024117067
170 0.025185443
160 0.026123935
150 0.02745794
140 0.026158115
130 0.02714812
120 0.027395438
110 0.028214298
100 0.029627895
90 0.032495372
80 0.03259547
70 0.0333467
60 0.033711452
50 0.0340264
40 0.035096727
30 0.03760409
20 0.038655378
10 0.039540645
0 0.048663586
