1000 0.013271932
990 0.012101992
980 0.011896422
970 0.011990174
960 0.012131289
950 0.012400581
940 0.012726513
930 0.013212848
920 0.013420615
910 0.013516808
900 0.013879851
890 0.013697231
880 0.013562219
870 0.013460167
860 0.013505822
850 0.013659145
840 0.013525109
830 0.013733853
820 0.013830778
810 0.0140148625
800 0.014019745
790 0.014532449
780 0.014582499
770 0.014938217
760 0.015179431
750 0.015428214
740 0.015437004
730 0.015979005
720 0.01679762
710 0.017123308
700 0.017744169
690 0.017826933
680 0.017977325
670 0.01867338
660 0.018855512
650 0.01967242
640 0.020276677
630 0.020723706
620 0.021686856
610 0.02207651
600 0.022390723
590 0.023028672
580 0.023347037
570 0.022992294
560 0.023517938
550 0.024210088
540 0.024544809
530 0.024704479
520 0.024233526
510 0.023597041
500 0.024183964
490 0.024588754
480 0.025171284
470 0.026290685
460 0.027127124
450 0.028078554
440 0.028946975
430 0.029945038
420 0.030540505
410 0.030836165
400 0.031955566
390 0.033353537
380 0.034543253
370 0.035866514
360 0.03648591
350 0.037555262
340 0.038289648
330 0.0389088
320 0.039357536
310 0.039591182
300 0.04082045
290 0.041070454
280 0.042597577
270 0.04352752
260 0.044271186
250 0.044835646
240 0.046311256
230 0.046895005
220 0.04787964
210 0.049068622
200 0.04930764
190 0.051185843
180 0.051968325
170 0.05337606
160 0.054580912
150 0.056069218
140 0.055050403
130 0.054012302
120 0.054136813
110 0.055418085
100 0.05695888
90 0.05744668
80 0.058886155
70 0.059038255
60 0.059391044
50 0.061140828
40 0.062343728
30 0.06390625
20 0.06319433
10 0.06402393
0 0.06490553
