1000 0.013332724
990 0.012864699
980 0.012715527
970 0.012173526
960 0.012749218
950 0.013629115
940 0.014027558
930 0.013859343
920 0.018189732
910 0.014719952
900 -0.017670192
890 -0.017633326
880 -0.017898466
870 -0.017210469
860 -0.018035432
850 -0.01730007
840 -0.018126253
830 -0.018011995
820 -0.018648967
810 -0.01824442
800 -0.018416053
790 -0.018940963
780 -0.018578898
770 -0.018739788
760 -0.018824019
750 -0.01891655
740 -0.019017136
730 -0.019094774
720 -0.019225148
710 -0.019301321
700 -0.019417046
690 -0.019530816
680 -0.01963116
670 -0.019735165
660 -0.019847715
650 -0.019954164
640 -0.02009186
630 -0.020193424
620 -0.020294013
610 -0.020451728
600 -0.020545725
590 -0.020700756
580 -0.02081648
570 -0.020954179
560 -0.021032792
550 -0.02114046
540 -0.021245198
530 -0.021342367
520 -0.021482507
510 -0.021602869
500 -0.02174496
490 -0.021845305
480 -0.02196103
470 -0.022068452
460 -0.022164647
450 -0.02224326
440 -0.022306005
430 -0.022360694
420 -0.0224188
410 -0.0225189
400 -0.02254136
390 -0.02268101
380 -0.022709088
370 -0.022740582
360 -0.022800885
350 -0.022806013
340 -0.022806989
330 -0.022802107
320 -0.02276988
310 -0.022720562
300 -0.02266563
290 -0.02253306
280 -0.022465188
270 -0.022356544
260 -0.022261571
250 -0.022166599
240 -0.022043306
230 -0.021894623
220 -0.021698086
210 -0.021560878
200 -0.021353599
190 -0.021166828
180 -0.02090242
170 -0.020631908
160 -0.020312078
150 -0.02005597
140 -0.019758359
130 -0.019463189
120 -0.01910576
110 -0.018773481
100 -0.01834696
90 -0.017973175
80 -0.017644556
70 -0.017244404
60 -0.016807143
50 -0.016345954
40 -0.015946534
30 -0.015528314
20 -0.015175525
10 -0.014572733
0 -0.013961883
