1000 -0.018083284
990 -0.01809305
980 -0.018056672
970 -0.018072298
960 -0.018086458
950 -0.018076204
940 -0.01804715
930 -0.018033722
920 -0.018038606
910 -0.01802176
900 -0.018043732
890 -0.018011019
880 -0.01802884
870 -0.01804593
860 -0.018061312
850 -0.01804593
840 -0.018058138
830 -0.01805716
820 -0.018069124
810 -0.018132357
800 -0.018168002
790 -0.018215122
780 -0.018266393
770 -0.018318396
760 -0.01834452
750 -0.018425819
740 -0.018493691
730 -0.018563516
720 -0.018644817
710 -0.01872099
700 -0.018843306
690 -0.01890776
680 -0.018997606
670 -0.01907158
660 -0.019170947
650 -0.019273732
640 -0.019365774
630 -0.019478325
620 -0.019603327
610 -0.019710507
600 -0.019836241
590 -0.019915344
580 -0.01997394
570 -0.02011896
560 -0.020209782
550 -0.020317206
540 -0.020407295
530 -0.020544993
520 -0.020659251
510 -0.020753248
500 -0.02084773
490 -0.020968094
480 -0.021072099
470 -0.021197345
460 -0.021344809
450 -0.021456627
440 -0.021546472
430 -0.021640712
420 -0.021732021
410 -0.021830656
400 -0.021931
390 -0.021977143
380 -0.022062104
370 -0.02209531
360 -0.022188084
350 -0.022234228
340 -0.022274999
330 -0.022289893
320 -0.02229282
310 -0.022316992
300 -0.022322362
290 -0.022254003
280 -0.022215428
270 -0.0221832
260 -0.022115085
250 -0.02208066
240 -0.021994965
230 -0.021864837
220 -0.021804044
210 -0.021663418
200 -0.021514978
190 -0.021368003
180 -0.021171955
170 -0.020970047
160 -0.020795485
150 -0.020558177
140 -0.020298894
130 -0.020033998
120 -0.019714657
110 -0.019510796
100 -0.019175587
90 -0.018931687
80 -0.018591592
70 -0.018285437
60 -0.01792752
50 -0.01756106
40 -0.017181903
30 -0.016886977
20 -0.016517343
10 -0.015902342
0 -0.01530248
