1000 -0.05023026
990 -0.05021683
980 -0.04983011
970 -0.050883345
960 -0.050546184
950 -0.050253455
940 -0.05040824
930 -0.050468057
920 -0.050462198
910 -0.050202183
900 -0.05059257
890 -0.05084819
880 -0.050592326
870 -0.050641887
860 -0.050581828
850 -0.05035966
840 -0.050791305
830 -0.050701704
820 -0.05112847
810 -0.05119268
800 -0.050611127
790 -0.05102153
780 -0.05104668
770 -0.051084522
760 -0.05085234
750 -0.051080372
740 -0.051193655
730 -0.051345266
720 -0.051294487
710 -0.05135479
700 -0.05145611
690 -0.051524714
680 -0.05156109
670 -0.051642634
660 -0.051717833
650 -0.05180426
640 -0.051865783
630 -0.05198737
620 -0.052065738
610 -0.052135564
600 -0.05222077
590 -0.052283272
580 -0.052387033
570 -0.052500557
560 -0.052577708
550 -0.05268855
540 -0.05277205
530 -0.052856766
520 -0.052937333
510 -0.053102132
500 -0.05327181
490 -0.053411707
480 -0.05355453
470 -0.05371591
460 -0.053875823
450 -0.054075047
440 -0.05426499
430 -0.054517437
420 -0.05469029
410 -0.054862168
400 -0.055092152
390 -0.055310417
380 -0.055500362
370 -0.05565051
360 -0.05580969
350 -0.055951785
340 -0.056008425
330 -0.05605457
320 -0.056121707
310 -0.056134403
300 -0.056232307
290 -0.0563097
280 -0.056336556
270 -0.056360725
260 -0.056370735
250 -0.05633997
240 -0.056257453
230 -0.056229133
220 -0.05615052
210 -0.056085818
200 -0.056167364
190 -0.05610486
180 -0.05609656
170 -0.055917114
160 -0.05584949
150 -0.055710323
140 -0.055512324
130 -0.05535192
120 -0.0551151
110 -0.054963
100 -0.05470689
90 -0.05437144
80 -0.05414316
70 -0.05372885
60 -0.053336754
50 -0.05271687
40 -0.052288152
30 -0.051641904
20 -0.050859664
10 -0.05012723
0 -0.049118914
