1000 -0.050063755
990 -0.050009064
980 -0.050022494
970 -0.050094027
960 -0.05011527
950 -0.050142612
940 -0.050187048
930 -0.05027665
920 -0.050319128
910 -0.050333045
900 -0.050376747
890 -0.05044828
880 -0.050496623
870 -0.050529826
860 -0.05057426
850 -0.05062016
840 -0.050645795
830 -0.051043507
820 -0.050753705
810 -0.05076054
800 -0.05076396
790 -0.05087016
780 -0.05088017
770 -0.0509124
760 -0.05093535
750 -0.05101494
740 -0.05110259
730 -0.05116045
720 -0.05121685
710 -0.05131426
700 -0.051356256
690 -0.05141363
680 -0.05149395
670 -0.051533014
660 -0.051586237
650 -0.051652156
640 -0.051695127
630 -0.051791564
620 -0.05185138
610 -0.05191632
600 -0.05196515
590 -0.05208283
580 -0.052174628
570 -0.052317694
560 -0.052379463
550 -0.052501537
540 -0.052566722
530 -0.05272053
520 -0.052855056
510 -0.05295345
500 -0.053088214
490 -0.053225424
480 -0.053362876
470 -0.053514246
460 -0.053705167
450 -0.053848237
440 -0.054149754
430 -0.05437803
420 -0.054565042
410 -0.054791853
400 -0.054974474
390 -0.05516515
380 -0.055294547
370 -0.055527948
360 -0.05593982
350 -0.05612244
340 -0.05622962
330 -0.056336556
320 -0.056424934
310 -0.056507457
300 -0.056624647
290 -0.05669032
280 -0.056755263
270 -0.056785535
260 -0.056795545
250 -0.056796767
240 -0.05688344
230 -0.056897353
220 -0.056862198
210 -0.05682753
200 -0.05677382
190 -0.056715712
180 -0.05662025
170 -0.05659901
160 -0.056430064
150 -0.056316778
140 -0.056001347
130 -0.055783324
120 -0.055644896
110 -0.055338737
100 -0.05503307
90 -0.054697614
80 -0.054403663
70 -0.054040376
60 -0.05354037
50 -0.05309261
40 -0.052576978
30 -0.051925354
20 -0.0513189
10 -0.05079228
0 -0.050068147
