1000 -0.05022318
990 -0.050257362
980 -0.050301306
970 -0.050319374
960 -0.05036796
950 -0.050423134
940 -0.050447304
930 -0.05049418
920 -0.05061967
910 -0.050751265
900 -0.050817914
890 -0.05088164
880 -0.050969042
870 -0.05098711
860 -0.051044725
850 -0.05111504
840 -0.05116216
830 -0.05118682
820 -0.051226612
810 -0.051299367
800 -0.051355034
790 -0.051351614
780 -0.051432427
770 -0.051436577
760 -0.05145025
750 -0.051494442
740 -0.05159527
730 -0.051647764
720 -0.051697813
710 -0.051793028
700 -0.051773496
690 -0.051878966
680 -0.05191095
670 -0.051950745
660 -0.0520091
650 -0.052031558
640 -0.052079897
630 -0.052145574
620 -0.05219831
610 -0.052279852
600 -0.052361153
590 -0.052454416
580 -0.05255549
570 -0.052663893
560 -0.05271272
550 -0.052825026
540 -0.05290535
530 -0.05290193
520 -0.053008378
510 -0.05302913
500 -0.053184897
490 -0.053346276
480 -0.053454187
470 -0.053633388
460 -0.053778898
450 -0.05390146
440 -0.054077487
430 -0.05430967
420 -0.054506205
410 -0.05468614
400 -0.05490294
390 -0.055151235
380 -0.055328485
370 -0.055500362
360 -0.05575427
350 -0.055953003
340 -0.056115117
330 -0.05623621
320 -0.056478404
310 -0.05662074
300 -0.05675453
290 -0.056810927
280 -0.056842666
270 -0.056874406
260 -0.056838028
250 -0.056921035
240 -0.056997456
230 -0.05698842
220 -0.056981098
210 -0.05705019
200 -0.056956194
190 -0.056868546
180 -0.056808487
170 -0.056752577
160 -0.056689586
150 -0.056581922
140 -0.056434214
130 -0.056350227
120 -0.05627088
110 -0.056096315
100 -0.05595325
90 -0.05583142
80 -0.055544063
70 -0.055321157
60 -0.05492418
50 -0.054586284
40 -0.05407456
30 -0.053474694
20 -0.05239802
10 -0.051860657
0 -0.05165484
