1000 -0.051547907
990 -0.051557675
980 -0.05158111
970 -0.05158868
960 -0.05163995
950 -0.051683895
940 -0.05174493
930 -0.05172589
920 -0.051783994
910 -0.0517547
900 -0.05180133
890 -0.051846985
880 -0.051884096
870 -0.051924378
860 -0.05195758
850 -0.052019596
840 -0.05205719
830 -0.052088197
820 -0.052095525
810 -0.0521236
800 -0.052159976
790 -0.052205145
780 -0.052237373
770 -0.052266914
760 -0.052308418
750 -0.05237995
740 -0.052435618
730 -0.052446604
720 -0.05248957
710 -0.052558176
700 -0.05257844
690 -0.05262483
680 -0.05264509
670 -0.052688062
660 -0.0527679
650 -0.05278279
640 -0.052901443
630 -0.05295711
620 -0.053038165
610 -0.053099446
600 -0.05316268
590 -0.053265706
580 -0.053372156
570 -0.05346908
560 -0.053606533
550 -0.053824797
540 -0.053993013
530 -0.05417905
520 -0.05436411
510 -0.054552104
500 -0.05471788
490 -0.054856554
480 -0.055074573
470 -0.055278677
460 -0.055456903
450 -0.05575183
440 -0.055972535
430 -0.056197636
420 -0.056389533
410 -0.056575574
400 -0.056791153
390 -0.056998674
380 -0.057240132
370 -0.057533108
360 -0.05775186
350 -0.05799527
340 -0.05823087
330 -0.05851115
320 -0.058802903
310 -0.058972094
300 -0.059191335
290 -0.059320975
280 -0.059428398
270 -0.05944085
260 -0.059669614
250 -0.059917666
240 -0.0601872
230 -0.06031611
220 -0.06052412
210 -0.060547557
200 -0.060593944
190 -0.060588572
180 -0.06064424
170 -0.060543895
160 -0.060648877
150 -0.06084517
140 -0.06095552
130 -0.061049763
120 -0.06104268
110 -0.060661573
100 -0.060341254
90 -0.0599975
80 -0.059677184
70 -0.05976947
60 -0.0595744
50 -0.05931756
40 -0.05950262
30 -0.05854118
20 -0.05821183
10 -0.057647124
0 -0.057143454
