1000 -0.052079167
990 -0.052086003
980 -0.0520777
970 -0.05210236
960 -0.05217609
950 -0.0521673
940 -0.052228093
930 -0.052267157
920 -0.052302558
910 -0.052306708
900 -0.052354317
890 -0.052379463
880 -0.052423652
870 -0.052435372
860 -0.05245002
850 -0.05248542
840 -0.052464426
830 -0.052558664
820 -0.052583814
810 -0.05263435
800 -0.052707106
790 -0.052694652
780 -0.05275813
770 -0.052773513
760 -0.05280623
750 -0.052855056
740 -0.052890945
730 -0.05292244
720 -0.05298714
710 -0.053073566
700 -0.05312044
690 -0.053225912
680 -0.053336266
670 -0.053392418
660 -0.053544763
650 -0.05366488
640 -0.053668547
630 -0.053721283
620 -0.053763274
610 -0.053833097
600 -0.05399692
590 -0.054168552
580 -0.054211523
570 -0.054273292
560 -0.054441996
550 -0.05446958
540 -0.054586284
530 -0.054754987
520 -0.054848496
510 -0.054961532
500 -0.055167347
490 -0.055293325
480 -0.05544982
470 -0.055630732
460 -0.055804566
450 -0.05598694
440 -0.056174442
430 -0.056374397
420 -0.056632213
410 -0.05689296
400 -0.057143454
390 -0.057498436
380 -0.057808258
370 -0.05799283
360 -0.058113925
350 -0.0581818
340 -0.058380287
330 -0.05844157
320 -0.0583859
310 -0.058599528
300 -0.058531415
290 -0.058473796
280 -0.05852287
270 -0.058666423
260 -0.05879411
250 -0.058778733
240 -0.05879924
230 -0.058935717
220 -0.05925237
210 -0.059395928
200 -0.059444267
190 -0.059295096
180 -0.059498712
170 -0.059306815
160 -0.059068043
150 -0.05886296
140 -0.05877458
130 -0.058559977
120 -0.05829142
110 -0.058118075
100 -0.05799991
90 -0.057780426
80 -0.05735366
70 -0.057149068
60 -0.056904923
50 -0.056509897
40 -0.056211308
30 -0.055895142
20 -0.055519648
10 -0.05520641
0 -0.05481627
