1000 -0.051949523
990 -0.051999085
980 -0.052022282
970 -0.052065004
960 -0.052107
950 -0.052125067
940 -0.05215949
930 -0.052235663
920 -0.052283272
910 -0.052279852
900 -0.052305244
890 -0.05236384
880 -0.052407783
870 -0.052473214
860 -0.052563306
850 -0.052601147
840 -0.052638255
830 -0.052705396
820 -0.052772537
810 -0.05278035
800 -0.05284578
790 -0.05289534
780 -0.05293953
770 -0.053004228
760 -0.05301717
750 -0.05306478
740 -0.05311922
730 -0.053170245
720 -0.053203695
710 -0.05325228
700 -0.05338143
690 -0.05345541
680 -0.05352865
670 -0.053563807
660 -0.053651456
650 -0.053809904
640 -0.053917818
630 -0.05394174
620 -0.05402768
610 -0.054179784
600 -0.054263037
590 -0.05435972
580 -0.054480813
570 -0.05467442
560 -0.054787703
550 -0.05493883
540 -0.055081654
530 -0.055252556
520 -0.05540978
510 -0.05569592
500 -0.055902954
490 -0.056023072
480 -0.056308236
470 -0.056500863
460 -0.05682338
450 -0.05705141
440 -0.057186667
430 -0.057398096
420 -0.057581447
410 -0.057866607
400 -0.05803922
390 -0.058228917
380 -0.058428384
370 -0.058473796
360 -0.058585126
350 -0.058745526
340 -0.058841478
330 -0.058848068
320 -0.058844406
310 -0.058902267
300 -0.05890935
290 -0.058951586
280 -0.058903
270 -0.0589196
260 -0.058902755
250 -0.058824874
240 -0.058876876
230 -0.05881975
220 -0.05876457
210 -0.05876042
200 -0.058687177
190 -0.058715988
180 -0.05860026
170 -0.058563396
160 -0.058725018
150 -0.058482584
140 -0.058311682
130 -0.058223058
120 -0.057983063
110 -0.057905428
100 -0.057730377
90 -0.05748916
80 -0.05718203
70 -0.057017475
60 -0.0567079
50 -0.05648939
40 -0.056404185
30 -0.055872682
20 -0.05565417
10 -0.055295523
0 -0.0550797
