1000 -0.04858326
990 -0.017382346
980 -0.019878233
970 -0.021814054
960 -0.023056993
950 -0.023626339
940 -0.022672711
930 -0.020901443
920 -0.02132064
910 -0.021723233
900 -0.022475198
890 -0.022265721
880 -0.022136569
870 -0.021093829
860 -0.022220066
850 -0.022324316
840 -0.021820646
830 -0.02136141
820 -0.022008637
810 -0.021612147
800 -0.021823576
790 -0.02139437
780 -0.022172702
770 -0.022583108
760 -0.02303087
750 -0.022301123
740 -0.022587992
730 -0.021497155
720 -0.021872649
710 -0.021839445
700 -0.022575296
690 -0.022430519
680 -0.022761334
670 -0.021514244
660 -0.021337729
650 -0.02107918
640 -0.021118976
630 -0.02175204
620 -0.02067634
610 -0.020301824
600 -0.02044416
590 -0.02021735
580 -0.020638011
570 -0.019340629
560 -0.018474404
550 -0.01763772
540 -0.017646998
530 -0.017279318
520 -0.016790785
510 -0.01682301
500 -0.016882828
490 -0.016643077
480 -0.016902357
470 -0.016564462
460 -0.017078143
450 -0.016732434
440 -0.015997803
430 -0.01574316
420 -0.015826657
410 -0.014982895
400 -0.014821271
390 -0.014656718
380 -0.015092272
370 -0.016129397
360 -0.016323736
350 -0.016503915
340 -0.016220463
330 -0.016607432
320 -0.017040055
310 -0.016688732
300 -0.015718991
290 -0.014976303
280 -0.0143481195
270 -0.01520702
260 -0.016220463
250 -0.014699443
240 -0.014259496
230 -0.014135715
220 -0.013218708
210 -0.013264119
200 -0.01294551
190 -0.012314886
180 -0.011442314
170 -0.010809247
160 -0.0095326165
150 -0.009493553
140 -0.007615839
130 -0.0064244145
120 -0.0068843826
110 -0.0062369118
100 -0.0054026707
90 -0.0062369118
80 -0.005344564
70 -0.00466096
60 -0.0042019687
50 -0.0032263678
40 -0.0023310904
30 -0.0018186313
20 -0.0022077975
10 -0.0020222478
0 -0.0019714658
