1000 -0.025162982
990 -0.025466943
980 -0.025269186
970 -0.024566783
960 -0.024119021
950 -0.023633663
940 -0.023669552
930 -0.023779904
920 -0.023468621
910 -0.023188587
900 -0.023087023
890 -0.0233319
880 -0.023587031
870 -0.023174915
860 -0.02302086
850 -0.022726666
840 -0.022502542
830 -0.02180551
820 -0.021298178
810 -0.021502526
800 -0.021751309
790 -0.021527428
780 -0.021057207
770 -0.021603601
760 -0.021676358
750 -0.021200519
740 -0.020606028
730 -0.019888977
720 -0.019104052
710 -0.01829398
700 -0.017748807
690 -0.017177997
680 -0.017144062
670 -0.016697276
660 -0.01743435
650 -0.017313985
640 -0.017143084
630 -0.017537378
620 -0.017408958
610 -0.017516626
600 -0.017249044
590 -0.016577402
580 -0.015746823
570 -0.015819822
560 -0.015094957
550 -0.014458717
540 -0.013798795
530 -0.013694301
520 -0.013808073
510 -0.013804167
500 -0.014634257
490 -0.014749493
480 -0.014263646
470 -0.014532693
460 -0.014745099
450 -0.014315649
440 -0.01429392
430 -0.013842009
420 -0.013390342
410 -0.0126093235
400 -0.011918884
390 -0.01255903
380 -0.012235295
370 -0.012329046
360 -0.01201117
350 -0.012744579
340 -0.012443061
330 -0.01245063
320 -0.012178897
310 -0.011599299
300 -0.011210376
290 -0.010529214
280 -0.009771146
270 -0.009765286
260 -0.010243809
250 -0.0098001985
240 -0.008720837
230 -0.0077940645
220 -0.0074066073
210 -0.0061724577
200 -0.004897292
190 -0.003846006
180 -0.0045078816
170 -0.004251774
160 -0.0032104983
150 -0.002386511
140 -0.0012724804
130 -0.0009582666
120 -0.00037671474
110 0.0003076219
100 0.0005524987
90 0.0028555125
80 0.0031655757
70 0.0047971928
60 0.0055953003
50 0.0060501415
40 0.0055598994
30 0.00704625
20 0.0085299155
10 0.009267231
0 0.009869779
